Stat order:
	Tree size
	Internal branch size
	AI
	PS
	UniFrac
	NT (combined, distance-based)
	NR (combined, distance-based)
	PD (combined)
	MC (states 1..n)

observed mean	lower 95% CI	upper 95% CU	null mean	lower 95% CI	upper 95% CI	significance
75.32117462158203	64.00685119628906	88.15365600585938	75.32124328613281	75.32118225097656	75.32118225097656	0.0	
13.746116638183594	11.156947135925293	16.39066505432129	13.746105194091797	13.746112823486328	13.746112823486328	0.0	
6.914468288421631	5.897021293640137	8.020413398742676	7.575986385345459	6.417829990386963	8.731633186340332	0.21333330869674683	
63.43950653076172	57.0	70.0	64.5243911743164	59.0987663269043	69.62715911865234	0.30666667222976685	
0.32975339889526367	0.2713720202445984	0.39064767956733704	0.2820054292678833	0.2117413729429245	0.3610215485095978	0.7733333110809326	
66.14388275146484	55.5731315612793	78.69110870361328	66.8425064086914	65.17350769042969	68.48102569580078	0.06666666269302368	
4487.70947265625	3767.7919921875	5371.412109375	4477.765625	4447.55029296875	4497.85107421875	0.5199999809265137	
84.53977966308594	72.149658203125	98.50798034667969	85.19316101074219	84.09087371826172	86.15609741210938	0.013333320617675781	
5.192592620849609	3.0	6.0	3.643325090408325	2.8592593669891357	5.0197529792785645	0.09333330392837524	
3.881481409072876	3.0	6.0	4.616592884063721	3.48888897895813	6.130864143371582	0.6399999856948853
75.32117462158203	64.00685119628906	88.15365600585938	75.32124328613281	75.32118225097656	75.32118225097656	0.0	
13.746116638183594	11.156947135925293	16.39066505432129	13.746105194091797	13.746112823486328	13.746112823486328	0.0	
6.914468288421631	5.897021293640137	8.020413398742676	7.5819830894470215	6.363820552825928	8.480077743530273	0.14666664600372314	
63.43950653076172	57.0	70.0	64.4996566772461	59.98271560668945	68.75308990478516	0.30666667222976685	
0.32975339889526367	0.2713720202445984	0.39064767956733704	0.2829486131668091	0.22413642704486847	0.3586796224117279	0.8666666746139526	
66.14388275146484	55.5731315612793	78.69110870361328	66.81764221191406	65.21678161621094	68.33055114746094	0.09333330392837524	
4487.70947265625	3767.7919921875	5371.412109375	4483.677734375	4462.10595703125	4498.162109375	0.3733333349227905	
84.53977966308594	72.149658203125	98.50798034667969	85.17908477783203	84.13713073730469	85.99058532714844	0.026666641235351562	
5.192592620849609	3.0	6.0	3.6044111251831055	2.7851850986480713	5.096296310424805	0.07999998331069946	
3.881481409072876	3.0	6.0	4.698962688446045	3.580246925354004	7.106173038482666	0.6933333277702332	

75.32117462158203	64.00685119628906	88.15365600585938	75.32124328613281	75.32118225097656	75.32118225097656	0.0	
13.746116638183594	11.156947135925293	16.39066505432129	13.746105194091797	13.746112823486328	13.746112823486328	0.0	
6.914468288421631	5.897021293640137	8.020413398742676	7.6323370933532715	6.527010917663574	8.636628150939941	0.13333332538604736	
63.43950653076172	57.0	70.0	64.8087387084961	60.58518600463867	69.77530670166016	0.22666668891906738	
0.32975339889526367	0.2713720202445984	0.39064767956733704	0.27440014481544495	0.19715270400047302	0.3433757722377777	0.90666663646698	
66.14388275146484	55.5731315612793	78.69110870361328	66.98735046386719	65.42603302001953	68.50988006591797	0.04000002145767212	
4487.70947265625	3767.7919921875	5371.412109375	4479.80419921875	4461.31103515625	4496.97412109375	0.45333331823349	
84.53977966308594	72.149658203125	98.50798034667969	85.2957534790039	84.33181762695312	86.34327697753906	0.0	
5.192592620849609	3.0	6.0	3.571127414703369	2.725925922393799	5.301234722137451	0.13333332538604736	
3.881481409072876	3.0	6.0	4.5472588539123535	3.4518518447875977	5.92345666885376	0.7733333110809326
75.32117462158203	64.00685119628906	88.15365600585938	75.32124328613281	75.32118225097656	75.32118225097656	0.0	
13.746116638183594	11.156947135925293	16.39066505432129	13.746105194091797	13.746112823486328	13.746112823486328	0.0	
6.914468288421631	5.897021293640137	8.020413398742676	7.603593826293945	6.683404922485352	8.722776412963867	0.12000000476837158	
63.43950653076172	57.0	70.0	64.59899139404297	59.380245208740234	69.06666564941406	0.25333333015441895	
0.32975339889526367	0.2713720202445984	0.39064767956733704	0.27914944291114807	0.20953229069709778	0.34367483854293823	0.8666666746139526	
66.14388275146484	55.5731315612793	78.69110870361328	66.81946563720703	65.52210998535156	68.3583984375	0.013333320617675781	
4487.70947265625	3767.7919921875	5371.412109375	4477.6708984375	4444.59619140625	4501.337890625	0.45333331823349	
84.53977966308594	72.149658203125	98.50798034667969	85.2317886352539	84.34197235107422	86.19357299804688	0.0	
5.192592620849609	3.0	6.0	3.4222216606140137	2.669135808944702	4.014814853668213	0.04000002145767212	
3.881481409072876	3.0	6.0	4.761778354644775	3.6493828296661377	7.864197731018066	0.7599999904632568	
75.32117462158203	64.00685119628906	88.15365600585938	75.32124328613281	75.32118225097656	75.32118225097656	0.0	
13.746116638183594	11.156947135925293	16.39066505432129	13.746105194091797	13.746112823486328	13.746112823486328	0.0	
6.914468288421631	5.897021293640137	8.020413398742676	7.587687969207764	6.529522895812988	8.556730270385742	0.13333332538604736	
63.43950653076172	57.0	70.0	64.9749755859375	59.75061798095703	68.47160339355469	0.14666664600372314	
0.32975339889526367	0.2713720202445984	0.39064767956733704	0.2770719528198242	0.2150992900133133	0.3400680422782898	0.8799999952316284	
66.14388275146484	55.5731315612793	78.69110870361328	66.77947998046875	65.33338928222656	68.43827056884766	0.06666666269302368	
4487.70947265625	3767.7919921875	5371.412109375	4478.8134765625	4455.23291015625	4500.6259765625	0.5466666221618652	
84.53977966308594	72.149658203125	98.50798034667969	85.25847625732422	84.39617919921875	86.12076568603516	0.0	
5.192592620849609	3.0	6.0	3.438978672027588	2.8246912956237793	4.78518533706665	0.06666666269302368	
3.881481409072876	3.0	6.0	4.551572799682617	3.5308642387390137	5.73580265045166	0.653333306312561
75.32117462158203	64.00685119628906	88.15365600585938	75.32124328613281	75.32118225097656	75.32118225097656	0.0	
13.746116638183594	11.156947135925293	16.39066505432129	13.746105194091797	13.746112823486328	13.746112823486328	0.0	
6.914468288421631	5.897021293640137	8.020413398742676	7.658820629119873	6.78521728515625	8.580702781677246	0.12000000476837158	
63.43950653076172	57.0	70.0	64.58395385742188	60.839508056640625	69.11851501464844	0.34666669368743896	
0.32975339889526367	0.2713720202445984	0.39064767956733704	0.2766433656215668	0.21270252764225006	0.33539122343063354	0.8933333158493042	
66.14388275146484	55.5731315612793	78.69110870361328	66.94276428222656	65.4319839477539	68.4179458618164	0.04000002145767212	
4487.70947265625	3767.7919921875	5371.412109375	4481.04931640625	4453.822265625	4501.9794921875	0.4266666769981384	
84.53977966308594	72.149658203125	98.50798034667969	85.2662582397461	84.44689178466797	86.13934326171875	0.0	
5.192592620849609	3.0	6.0	3.6273255348205566	2.8864197731018066	5.187654495239258	0.1066666841506958	
3.881481409072876	3.0	6.0	4.438024520874023	3.4814815521240234	5.520987510681152	0.6666666269302368	