Stat order:
	Tree size
	Internal branch size
	AI
	PS
	UniFrac
	NT (combined, distance-based)
	NR (combined, distance-based)
	PD (combined)
	MC (states 1..n)

observed mean	lower 95% CI	upper 95% CU	null mean	lower 95% CI	upper 95% CI	significance
75.32117462158203	64.00685119628906	88.15365600585938	75.32122802734375	75.32118225097656	75.32118225097656	0.0	
13.746116638183594	11.156947135925293	16.39066505432129	13.746110916137695	13.746112823486328	13.746112823486328	0.0	
6.914468288421631	5.897021293640137	8.020413398742676	7.610748291015625	6.96286153793335	8.48256778717041	0.06000000238418579	
63.43950653076172	57.0	70.0	64.44696044921875	60.02716064453125	69.06419372558594	0.3199999928474426	
0.32975339889526367	0.2713720202445984	0.39064767956733704	0.28206393122673035	0.22305168211460114	0.3430047035217285	0.8799999952316284	
66.14388275146484	55.5731315612793	78.69110870361328	66.8526382446289	65.72239685058594	68.07452392578125	0.0	
4487.70947265625	3767.7919921875	5371.412109375	4481.76953125	4449.85302734375	4504.05810546875	0.3199999928474426	
84.53977966308594	72.149658203125	98.50798034667969	85.19110107421875	84.4688491821289	86.0205078125	0.0	
5.192592620849609	3.0	6.0	3.5397040843963623	3.0222222805023193	4.58271598815918	0.04000002145767212	
3.881481409072876	3.0	6.0	4.6439008712768555	3.6370370388031006	6.666666507720947	0.7799999713897705
75.32117462158203	64.00685119628906	88.15365600585938	75.32122802734375	75.32118225097656	75.32118225097656	0.0	
13.746116638183594	11.156947135925293	16.39066505432129	13.746110916137695	13.746112823486328	13.746112823486328	0.0	
6.914468288421631	5.897021293640137	8.020413398742676	7.601889133453369	6.527781009674072	8.724356651306152	0.18000000715255737	
63.43950653076172	57.0	70.0	64.46029663085938	58.950618743896484	69.16543579101562	0.2799999713897705	
0.32975339889526367	0.2713720202445984	0.39064767956733704	0.27939140796661377	0.21256127953529358	0.3564777970314026	0.8400000333786011	
66.14388275146484	55.5731315612793	78.69110870361328	66.89012908935547	65.68506622314453	68.77452850341797	0.04000002145767212	
4487.70947265625	3767.7919921875	5371.412109375	4476.73583984375	4455.203125	4493.001953125	0.4399999976158142	
84.53977966308594	72.149658203125	98.50798034667969	85.22600555419922	84.17481994628906	86.39868927001953	0.0	
5.192592620849609	3.0	6.0	3.405876398086548	2.787654399871826	4.819753170013428	0.04000002145767212	
3.881481409072876	3.0	6.0	4.681678295135498	3.6024692058563232	7.187654495239258	0.6399999856948853
75.32117462158203	64.00685119628906	88.15365600585938	75.32122802734375	75.32118225097656	75.32118225097656	0.0	
13.746116638183594	11.156947135925293	16.39066505432129	13.746110916137695	13.746112823486328	13.746112823486328	0.0	
6.914468288421631	5.897021293640137	8.020413398742676	7.423656463623047	6.423362731933594	8.50714111328125	0.2200000286102295	
63.43950653076172	57.0	70.0	63.958335876464844	59.47407531738281	67.80987548828125	0.3999999761581421	
0.32975339889526367	0.2713720202445984	0.39064767956733704	0.2876509428024292	0.22074495255947113	0.3586759865283966	0.7599999904632568	
66.14388275146484	55.5731315612793	78.69110870361328	66.69389343261719	65.09912872314453	68.08137512207031	0.1600000262260437	
4487.70947265625	3767.7919921875	5371.412109375	4480.47021484375	4457.77294921875	4502.28662109375	0.5	
84.53977966308594	72.149658203125	98.50798034667969	85.11454010009766	84.18260955810547	86.0498275756836	0.0	
5.192592620849609	3.0	6.0	3.651210069656372	3.012345790863037	5.190123558044434	0.07999998331069946	
3.881481409072876	3.0	6.0	4.728641510009766	3.63209867477417	8.869135856628418	0.699999988079071
75.32117462158203	64.00685119628906	88.15365600585938	75.32122802734375	75.32118225097656	75.32118225097656	0.0	
13.746116638183594	11.156947135925293	16.39066505432129	13.746110916137695	13.746112823486328	13.746112823486328	0.0	
6.914468288421631	5.897021293640137	8.020413398742676	7.49289608001709	6.615840435028076	8.512640953063965	0.2200000286102295	
63.43950653076172	57.0	70.0	64.38143157958984	60.155555725097656	69.28395080566406	0.42000001668930054	
0.32975339889526367	0.2713720202445984	0.39064767956733704	0.2907005548477173	0.2257423996925354	0.35735759139060974	0.8199999928474426	
66.14388275146484	55.5731315612793	78.69110870361328	66.6193618774414	65.09202575683594	67.98097229003906	0.10000002384185791	
4487.70947265625	3767.7919921875	5371.412109375	4478.986328125	4455.7587890625	4499.19970703125	0.48000001907348633	
84.53977966308594	72.149658203125	98.50798034667969	85.07176971435547	84.24178314208984	86.03854370117188	0.0	
5.192592620849609	3.0	6.0	3.694814443588257	2.9407408237457275	4.913580417633057	0.06000000238418579	
3.881481409072876	3.0	6.0	4.9476542472839355	3.7283949851989746	7.881481647491455	0.800000011920929
75.32117462158203	64.00685119628906	88.15365600585938	75.32122802734375	75.32118225097656	75.32118225097656	0.0	
13.746116638183594	11.156947135925293	16.39066505432129	13.746110916137695	13.746112823486328	13.746112823486328	0.0	
6.914468288421631	5.897021293640137	8.020413398742676	7.49383544921875	6.389676570892334	8.566271781921387	0.2200000286102295	
63.43950653076172	57.0	70.0	64.59384155273438	60.32839584350586	69.62715911865234	0.2200000286102295	
0.32975339889526367	0.2713720202445984	0.39064767956733704	0.28049179911613464	0.22149638831615448	0.35661301016807556	0.8600000143051147	
66.14388275146484	55.5731315612793	78.69110870361328	66.82705688476562	65.32453918457031	68.72998046875	0.07999998331069946	
4487.70947265625	3767.7919921875	5371.412109375	4480.88671875	4458.03125	4496.20751953125	0.36000001430511475	
84.53977966308594	72.149658203125	98.50798034667969	85.21184539794922	84.17164611816406	86.04564666748047	0.0	
5.192592620849609	3.0	6.0	3.4978270530700684	2.7950618267059326	5.0	0.07999998331069946	
3.881481409072876	3.0	6.0	4.419851303100586	3.580246925354004	5.55555534362793	0.699999988079071	

75.32117462158203	64.00685119628906	88.15365600585938	75.32122802734375	75.32118225097656	75.32118225097656	0.0	
13.746116638183594	11.156947135925293	16.39066505432129	13.746110916137695	13.746112823486328	13.746112823486328	0.0	
6.914468288421631	5.897021293640137	8.020413398742676	7.695190906524658	6.557896137237549	9.305588722229004	0.18000000715255737	
63.43950653076172	57.0	70.0	65.15718841552734	59.599998474121094	70.90123748779297	0.2799999713897705	
0.32975339889526367	0.2713720202445984	0.39064767956733704	0.2727833390235901	0.19385619461536407	0.34749096632003784	0.8400000333786011	
66.14388275146484	55.5731315612793	78.69110870361328	67.02241516113281	65.7088623046875	68.81094360351562	0.04000002145767212	
4487.70947265625	3767.7919921875	5371.412109375	4482.19287109375	4456.861328125	4503.03466796875	0.3399999737739563	
84.53977966308594	72.149658203125	98.50798034667969	85.31835174560547	84.3093490600586	86.41702270507812	0.019999980926513672	
5.192592620849609	3.0	6.0	3.4172842502593994	2.762963056564331	5.004938125610352	0.07999998331069946	
3.881481409072876	3.0	6.0	4.581284046173096	3.5061728954315186	7.172839641571045	0.6599999666213989
75.32117462158203	64.00685119628906	88.15365600585938	75.32122802734375	75.32118225097656	75.32118225097656	0.0	
13.746116638183594	11.156947135925293	16.39066505432129	13.746110916137695	13.746112823486328	13.746112823486328	0.0	
6.914468288421631	5.897021293640137	8.020413398742676	7.68609619140625	6.658308029174805	8.797005653381348	0.12000000476837158	
63.43950653076172	57.0	70.0	65.10552978515625	59.98271560668945	70.74568176269531	0.2200000286102295	
0.32975339889526367	0.2713720202445984	0.39064767956733704	0.27187809348106384	0.19720245897769928	0.3394547402858734	0.9200000166893005	
66.14388275146484	55.5731315612793	78.69110870361328	66.93937683105469	65.41520690917969	68.30365753173828	0.06000000238418579	
4487.70947265625	3767.7919921875	5371.412109375	4479.6015625	4459.2587890625	4498.76708984375	0.48000001907348633	
84.53977966308594	72.149658203125	98.50798034667969	85.33248901367188	84.44522857666016	86.3695297241211	0.0	
5.192592620849609	3.0	6.0	3.5573835372924805	2.738271713256836	5.192592620849609	0.07999998331069946	
3.881481409072876	3.0	6.0	4.472789764404297	3.4395060539245605	6.676543235778809	0.6399999856948853	
done


analysing obser
75.32117462158203	64.00685119628906	88.15365600585938	75.32122802734375	75.32118225097656	75.32118225097656	0.0	
13.746116638183594	11.156947135925293	16.39066505432129	13.746110916137695	13.746112823486328	13.746112823486328	0.0	
6.914468288421631	5.897021293640137	8.020413398742676	7.403693675994873	6.475103855133057	8.63233470916748	0.25999999046325684	
63.43950653076172	57.0	70.0	63.716644287109375	59.71604919433594	68.20740509033203	0.4399999976158142	
0.32975339889526367	0.2713720202445984	0.39064767956733704	0.29449933767318726	0.22689421474933624	0.35233616828918457	0.7200000286102295	
66.14388275146484	55.5731315612793	78.69110870361328	66.53085327148438	65.28673553466797	68.1214370727539	0.10000002384185791	
4487.70947265625	3767.7919921875	5371.412109375	4480.69091796875	4462.3779296875	4500.39208984375	0.5	
84.53977966308594	72.149658203125	98.50798034667969	85.02013397216797	84.2394790649414	85.96367645263672	0.0	
5.192592620849609	3.0	6.0	3.674172878265381	2.8716049194335938	5.086419582366943	0.12000000476837158	
3.881481409072876	3.0	6.0	4.506666660308838	3.6024692058563232	5.44444465637207	0.7799999713897705	

75.32117462158203	64.00685119628906	88.15365600585938	75.32122802734375	75.32118225097656	75.32118225097656	0.0	
13.746116638183594	11.156947135925293	16.39066505432129	13.746110916137695	13.746112823486328	13.746112823486328	0.0	
6.914468288421631	5.897021293640137	8.020413398742676	7.390531539916992	6.590701103210449	8.572592735290527	0.2799999713897705	
63.43950653076172	57.0	70.0	63.9149284362793	59.17530822753906	68.6938247680664	0.42000001668930054	
0.32975339889526367	0.2713720202445984	0.39064767956733704	0.2913494408130646	0.2121242880821228	0.3510585129261017	0.8600000143051147	
66.14388275146484	55.5731315612793	78.69110870361328	66.68688201904297	65.459228515625	68.82199096679688	0.04000002145767212	
4487.70947265625	3767.7919921875	5371.412109375	4480.5205078125	4459.86865234375	4501.75927734375	0.3999999761581421	
84.53977966308594	72.149658203125	98.50798034667969	85.064208984375	84.28215789794922	86.27149200439453	0.0	
5.192592620849609	3.0	6.0	3.7244935035705566	3.039506196975708	5.064197540283203	0.13999998569488525	
3.881481409072876	3.0	6.0	4.722172737121582	3.6617283821105957	7.249382495880127	0.7400000095367432	
75.32117462158203	64.00685119628906	88.15365600585938	75.32122802734375	75.32118225097656	75.32118225097656	0.0	
13.746116638183594	11.156947135925293	16.39066505432129	13.746110916137695	13.746112823486328	13.746112823486328	0.0	
6.914468288421631	5.897021293640137	8.020413398742676	7.531444549560547	6.32705545425415	8.637837409973145	0.18000000715255737	
63.43950653076172	57.0	70.0	64.72978210449219	57.84938430786133	69.67901611328125	0.24000000953674316	
0.32975339889526367	0.2713720202445984	0.39064767956733704	0.2853379249572754	0.21970072388648987	0.4014815390110016	0.8400000333786011	
66.14388275146484	55.5731315612793	78.69110870361328	66.67318725585938	65.35863494873047	67.99591827392578	0.06000000238418579	
4487.70947265625	3767.7919921875	5371.412109375	4482.83935546875	4462.2041015625	4505.544921875	0.3799999952316284	
84.53977966308594	72.149658203125	98.50798034667969	85.1447525024414	83.97701263427734	86.13102722167969	0.06000000238418579	
5.192592620849609	3.0	6.0	3.5598514080047607	2.8913581371307373	4.73580265045166	0.06000000238418579	
3.881481409072876	3.0	6.0	4.49244499206543	3.3901233673095703	5.787654399871826	0.6599999666213989
75.32117462158203	64.00685119628906	88.15365600585938	75.32122802734375	75.32118225097656	75.32118225097656	0.0	
13.746116638183594	11.156947135925293	16.39066505432129	13.746110916137695	13.746112823486328	13.746112823486328	0.0	
6.914468288421631	5.897021293640137	8.020413398742676	7.70695686340332	6.847079277038574	8.804486274719238	0.12000000476837158	
63.43950653076172	57.0	70.0	65.40690612792969	60.63456726074219	69.99259185791016	0.13999998569488525	
0.32975339889526367	0.2713720202445984	0.39064767956733704	0.27389857172966003	0.203849658370018	0.3435174524784088	0.9200000166893005	
66.14388275146484	55.5731315612793	78.69110870361328	66.99005889892578	65.65570831298828	68.45165252685547	0.019999980926513672	
4487.70947265625	3767.7919921875	5371.412109375	4481.666015625	4467.638671875	4498.7255859375	0.5	
84.53977966308594	72.149658203125	98.50798034667969	85.30239868164062	84.5107192993164	86.3596420288086	0.0	
5.192592620849609	3.0	6.0	3.471259355545044	2.7851850986480713	4.7580246925354	0.06000000238418579	
3.881481409072876	3.0	6.0	4.6541242599487305	3.53827166557312	7.222222328186035	0.699999988079071
75.32117462158203	64.00685119628906	88.15365600585938	75.32122802734375	75.32118225097656	75.32118225097656	0.0	
13.746116638183594	11.156947135925293	16.39066505432129	13.746110916137695	13.746112823486328	13.746112823486328	0.0	
6.914468288421631	5.897021293640137	8.020413398742676	7.6340203285217285	6.499868392944336	8.99995231628418	0.24000000953674316	
63.43950653076172	57.0	70.0	65.21570587158203	60.380245208740234	71.68148040771484	0.2799999713897705	
0.32975339889526367	0.2713720202445984	0.39064767956733704	0.27855148911476135	0.20792707800865173	0.356288343667984	0.8199999928474426	
66.14388275146484	55.5731315612793	78.69110870361328	66.83495330810547	65.3862533569336	68.22563934326172	0.06000000238418579	
4487.70947265625	3767.7919921875	5371.412109375	4484.08544921875	4463.6845703125	4504.9541015625	0.3399999737739563	
84.53977966308594	72.149658203125	98.50798034667969	85.23873901367188	84.19972229003906	86.26602935791016	0.0	
5.192592620849609	3.0	6.0	3.4846417903900146	2.765432119369507	4.651851654052734	0.04000002145767212	
3.881481409072876	3.0	6.0	4.4573822021484375	3.3851852416992188	6.197530746459961	0.6599999666213989
75.32117462158203	64.00685119628906	88.15365600585938	75.32124328613281	75.32118225097656	75.32118225097656	0.0	
13.746116638183594	11.156947135925293	16.39066505432129	13.746105194091797	13.746112823486328	13.746112823486328	0.0	
6.914468288421631	5.897021293640137	8.020413398742676	7.563020706176758	6.4062371253967285	8.757606506347656	0.24000000953674316	
63.43950653076172	57.0	70.0	64.31391906738281	58.654319763183594	69.4765396118164	0.36000001430511475	
0.32975339889526367	0.2713720202445984	0.39064767956733704	0.28120940923690796	0.19626255333423615	0.3553064465522766	0.8266666531562805	
66.14388275146484	55.5731315612793	78.69110870361328	66.88831329345703	65.3714828491211	68.58434295654297	0.0533333420753479	
4487.70947265625	3767.7919921875	5371.412109375	4478.103515625	4454.3291015625	4499.29541015625	0.4933333396911621	
84.53977966308594	72.149658203125	98.50798034667969	85.20340728759766	84.18930053710938	86.37059020996094	0.0	
5.192592620849609	3.0	6.0	3.757761240005493	2.802469253540039	5.303703784942627	0.14666664600372314	
3.881481409072876	3.0	6.0	4.663965702056885	3.6123456954956055	6.58271598815918	0.7200000286102295	
75.32117462158203	64.00685119628906	88.15365600585938	75.32124328613281	75.32118225097656	75.32118225097656	0.0	
13.746116638183594	11.156947135925293	16.39066505432129	13.746105194091797	13.746112823486328	13.746112823486328	0.0	
6.914468288421631	5.897021293640137	8.020413398742676	7.625890254974365	6.460206508636475	8.603304862976074	0.1600000262260437	
63.43950653076172	57.0	70.0	64.55252075195312	59.214813232421875	69.18765258789062	0.36000001430511475	
0.32975339889526367	0.2713720202445984	0.39064767956733704	0.27586326003074646	0.2026766538619995	0.3445286452770233	0.8666666746139526	
66.14388275146484	55.5731315612793	78.69110870361328	67.0479965209961	65.43099212646484	68.70751190185547	0.04000002145767212	
4487.70947265625	3767.7919921875	5371.412109375	4480.63818359375	4451.9267578125	4502.37060546875	0.45333331823349	
84.53977966308594	72.149658203125	98.50798034667969	85.2758560180664	84.34317779541016	86.28660583496094	0.0	
5.192592620849609	3.0	6.0	3.641678810119629	2.802469253540039	4.975308418273926	0.06666666269302368	
3.881481409072876	3.0	6.0	4.838024139404297	3.5358023643493652	6.733333110809326	0.746666669845581	

75.32117462158203	64.00685119628906	88.15365600585938	75.32124328613281	75.32118225097656	75.32118225097656	0.0	
13.746116638183594	11.156947135925293	16.39066505432129	13.746105194091797	13.746112823486328	13.746112823486328	0.0	
6.914468288421631	5.897021293640137	8.020413398742676	7.604710102081299	6.43084716796875	8.702815055847168	0.21333330869674683	
63.43950653076172	57.0	70.0	64.55623626708984	59.708641052246094	69.46666717529297	0.30666667222976685	
0.32975339889526367	0.2713720202445984	0.39064767956733704	0.27714407444000244	0.21675516664981842	0.3550637662410736	0.8533333539962769	
66.14388275146484	55.5731315612793	78.69110870361328	66.93721008300781	65.21810150146484	68.23131561279297	0.07999998331069946	
4487.70947265625	3767.7919921875	5371.412109375	4482.9169921875	4461.08837890625	4501.3017578125	0.3333333134651184	
84.53977966308594	72.149658203125	98.50798034667969	85.25851440429688	84.1886978149414	86.08968353271484	0.013333320617675781	
5.192592620849609	3.0	6.0	3.6586670875549316	2.7555556297302246	5.4395060539245605	0.1066666841506958	
3.881481409072876	3.0	6.0	4.576790809631348	3.5333333015441895	5.819753170013428	0.6800000071525574
75.32117462158203	64.00685119628906	88.15365600585938	75.32124328613281	75.32118225097656	75.32118225097656	0.0	
13.746116638183594	11.156947135925293	16.39066505432129	13.746105194091797	13.746112823486328	13.746112823486328	0.0	
6.914468288421631	5.897021293640137	8.020413398742676	7.535866737365723	6.349859714508057	8.717841148376465	0.17333334684371948	
63.43950653076172	57.0	70.0	63.88505935668945	58.69382858276367	69.06172943115234	0.3999999761581421	
0.32975339889526367	0.2713720202445984	0.39064767956733704	0.2841585576534271	0.214145690202713	0.36661022901535034	0.8133333325386047	
66.14388275146484	55.5731315612793	78.69110870361328	66.83467864990234	64.95668029785156	68.31554412841797	0.12000000476837158	
4487.70947265625	3767.7919921875	5371.412109375	4480.71533203125	4455.82177734375	4503.2275390625	0.4399999976158142	
84.53977966308594	72.149658203125	98.50798034667969	85.16199493408203	84.02869415283203	86.13233947753906	0.026666641235351562	
5.192592620849609	3.0	6.0	3.658139705657959	2.920987606048584	5.190123558044434	0.07999998331069946	
3.881481409072876	3.0	6.0	4.835390567779541	3.567901134490967	7.39012336730957	0.7333333492279053
75.32117462158203	64.00685119628906	88.15365600585938	75.32124328613281	75.32118225097656	75.32118225097656	0.0	
13.746116638183594	11.156947135925293	16.39066505432129	13.746105194091797	13.746112823486328	13.746112823486328	0.0	
6.914468288421631	5.897021293640137	8.020413398742676	7.576023101806641	6.589691638946533	8.532774925231934	0.12000000476837158	
63.43950653076172	57.0	70.0	64.33695220947266	58.992591857910156	69.49876403808594	0.30666667222976685	
0.32975339889526367	0.2713720202445984	0.39064767956733704	0.2824513018131256	0.212595596909523	0.34693554043769836	0.8799999952316284	
66.14388275146484	55.5731315612793	78.69110870361328	66.83001708984375	65.33824157714844	68.21753692626953	0.04000002145767212	
4487.70947265625	3767.7919921875	5371.412109375	4480.7373046875	4454.92138671875	4500.87109375	0.3733333349227905	
84.53977966308594	72.149658203125	98.50798034667969	85.18504333496094	84.30290222167969	86.15036010742188	0.0	
5.192592620849609	3.0	6.0	3.5864360332489014	2.7827160358428955	5.007407188415527	0.09333330392837524	
3.881481409072876	3.0	6.0	4.6416449546813965	3.474074125289917	7.397531032562256	0.6800000071525574	

75.32117462158203	64.00685119628906	88.15365600585938	75.32124328613281	75.32118225097656	75.32118225097656	0.0	
13.746116638183594	11.156947135925293	16.39066505432129	13.746105194091797	13.746112823486328	13.746112823486328	0.0	
6.914468288421631	5.897021293640137	8.020413398742676	7.698729038238525	6.40811824798584	8.861380577087402	0.13333332538604736	
63.43950653076172	57.0	70.0	65.01238250732422	60.63209915161133	69.70123291015625	0.2666666507720947	
0.32975339889526367	0.2713720202445984	0.39064767956733704	0.2706981301307678	0.18567945063114166	0.34503814578056335	0.8666666746139526	
66.14388275146484	55.5731315612793	78.69110870361328	67.05794525146484	65.41832733154297	68.68767547607422	0.04000002145767212	
4487.70947265625	3767.7919921875	5371.412109375	4476.72265625	4449.3115234375	4498.6376953125	0.5333333015441895	
84.53977966308594	72.149658203125	98.50798034667969	85.34674072265625	84.32673645019531	86.52102661132812	0.013333320617675781	
5.192592620849609	3.0	6.0	3.5413005352020264	2.82962965965271	5.009876728057861	0.07999998331069946	
3.881481409072876	3.0	6.0	4.3470611572265625	3.4666666984558105	5.4666666984558105	0.6000000238418579
75.32117462158203	64.00685119628906	88.15365600585938	75.32124328613281	75.32118225097656	75.32118225097656	0.0	
13.746116638183594	11.156947135925293	16.39066505432129	13.746105194091797	13.746112823486328	13.746112823486328	0.0	
6.914468288421631	5.897021293640137	8.020413398742676	7.632232189178467	6.5698113441467285	8.640810012817383	0.1600000262260437	
63.43950653076172	57.0	70.0	64.4325942993164	59.50370407104492	69.33086395263672	0.3199999928474426	
0.32975339889526367	0.2713720202445984	0.39064767956733704	0.27775484323501587	0.20923450589179993	0.3591981530189514	0.8533333539962769	
66.14388275146484	55.5731315612793	78.69110870361328	66.966064453125	65.37652587890625	68.59200286865234	0.0533333420753479	
4487.70947265625	3767.7919921875	5371.412109375	4483.22509765625	4456.544921875	4502.20947265625	0.30666667222976685	
84.53977966308594	72.149658203125	98.50798034667969	85.24852752685547	84.1171646118164	86.19501495361328	0.0	
5.192592620849609	3.0	6.0	3.5811359882354736	2.7925925254821777	4.995061874389648	0.06666666269302368	
3.881481409072876	3.0	6.0	4.50916862487793	3.592592477798462	6.07654333114624	0.6933333277702332	
75.32117462158203	64.00685119628906	88.15365600585938	75.32124328613281	75.32118225097656	75.32118225097656	0.0	
13.746116638183594	11.156947135925293	16.39066505432129	13.746105194091797	13.746112823486328	13.746112823486328	0.0	
6.914468288421631	5.897021293640137	8.020413398742676	7.457752227783203	6.14373779296875	8.66299819946289	0.22666668891906738	
63.43950653076172	57.0	70.0	64.07229614257812	58.92839431762695	69.19999694824219	0.36000001430511475	
0.32975339889526367	0.2713720202445984	0.39064767956733704	0.2869962751865387	0.21419356763362885	0.35396426916122437	0.800000011920929	
66.14388275146484	55.5731315612793	78.69110870361328	66.7925033569336	65.25546264648438	68.2646484375	0.06666666269302368	
4487.70947265625	3767.7919921875	5371.412109375	4480.08056640625	4455.34765625	4497.20849609375	0.3999999761581421	
84.53977966308594	72.149658203125	98.50798034667969	85.12254333496094	84.20045471191406	86.12934112548828	0.0	
5.192592620849609	3.0	6.0	3.7595715522766113	2.9037036895751953	5.024691581726074	0.1066666841506958	
3.881481409072876	3.0	6.0	4.522337436676025	3.5728394985198975	7.004938125610352	0.653333306312561	
75.32117462158203	64.00685119628906	88.15365600585938	75.32124328613281	75.32118225097656	75.32118225097656	0.0	
13.746116638183594	11.156947135925293	16.39066505432129	13.746105194091797	13.746112823486328	13.746112823486328	0.0	
6.914468288421631	5.897021293640137	8.020413398742676	7.501783847808838	6.51048469543457	8.575446128845215	0.14666664600372314	
63.43950653076172	57.0	70.0	63.90117263793945	58.9555549621582	68.69629669189453	0.3866666555404663	
0.32975339889526367	0.2713720202445984	0.39064767956733704	0.28395089507102966	0.20913438498973846	0.3585718274116516	0.8666666746139526	
66.14388275146484	55.5731315612793	78.69110870361328	66.83988189697266	65.35210418701172	68.23075103759766	0.0533333420753479	
4487.70947265625	3767.7919921875	5371.412109375	4478.9931640625	4453.361328125	4503.0693359375	0.46666663885116577	
84.53977966308594	72.149658203125	98.50798034667969	85.16598510742188	84.15078735351562	86.1878890991211	0.0	
5.192592620849609	3.0	6.0	3.752065420150757	2.82962965965271	5.293827056884766	0.14666664600372314	
3.881481409072876	3.0	6.0	4.707554817199707	3.7037036418914795	7.2419753074646	0.746666669845581	

75.32117462158203	64.00685119628906	88.15365600585938	75.32124328613281	75.32118225097656	75.32118225097656	0.0	
13.746116638183594	11.156947135925293	16.39066505432129	13.746105194091797	13.746112823486328	13.746112823486328	0.0	
6.914468288421631	5.897021293640137	8.020413398742676	7.743896484375	6.914003849029541	8.572525978088379	0.0533333420753479	
63.43950653076172	57.0	70.0	64.9069595336914	59.703704833984375	69.20494079589844	0.22666668891906738	
0.32975339889526367	0.2713720202445984	0.39064767956733704	0.27288907766342163	0.21432211995124817	0.33865395188331604	0.9333333373069763	
66.14388275146484	55.5731315612793	78.69110870361328	67.00279998779297	65.74443054199219	68.29273986816406	0.013333320617675781	
4487.70947265625	3767.7919921875	5371.412109375	4477.59814453125	4451.50634765625	4496.86962890625	0.5066666603088379	
84.53977966308594	72.149658203125	98.50798034667969	85.31718444824219	84.40153503417969	86.12248229980469	0.0	
5.192592620849609	3.0	6.0	3.5074894428253174	2.817283868789673	5.056790351867676	0.07999998331069946	
3.881481409072876	3.0	6.0	4.540740489959717	3.4666666984558105	7.239506244659424	0.6933333277702332	


