Stat order:
	Tree size
	Internal branch size
	AI
	PS
	UniFrac
	NT (combined, distance-based)
	NR (combined, distance-based)
	PD (combined)
	MC (states 1..n)

observed mean	lower 95% CI	upper 95% CU	null mean	lower 95% CI	upper 95% CI	significance

75.32117462158203	64.00685119628906	88.15365600585938	75.32117462158203	75.32118225097656	75.32118225097656	0.0	
13.746116638183594	11.156947135925293	16.39066505432129	13.746112823486328	13.746112823486328	13.746112823486328	0.0	
6.914468288421631	5.897021293640137	8.020413398742676	7.540188789367676	6.642112731933594	8.306438446044922	0.07999998331069946	
63.43950653076172	57.0	70.0	65.07940673828125	61.14073944091797	68.34814453125	0.19999998807907104	
0.32975339889526367	0.2713720202445984	0.39064767956733704	0.28223225474357605	0.22157500684261322	0.347212016582489	0.8799999952316284	
66.14388275146484	55.5731315612793	78.69110870361328	66.72425079345703	65.62095642089844	67.78025817871094	0.0	
4487.70947265625	3767.7919921875	5371.412109375	4478.3564453125	4454.056640625	4500.734375	0.48000001907348633	
84.53977966308594	72.149658203125	98.50798034667969	85.18907928466797	84.29325103759766	86.02682495117188	0.0	
5.192592620849609	3.0	6.0	3.486518144607544	2.985185146331787	4.992592811584473	0.07999998331069946	
3.881481409072876	3.0	6.0	4.379950523376465	3.3456790447235107	5.602468967437744	0.5600000023841858

75.32117462158203	64.00685119628906	88.15365600585938	75.32117462158203	75.32118225097656	75.32118225097656	0.0	
13.746116638183594	11.156947135925293	16.39066505432129	13.746112823486328	13.746112823486328	13.746112823486328	0.0	
6.914468288421631	5.897021293640137	8.020413398742676	7.644158363342285	6.799208641052246	8.413379669189453	0.1600000262260437	
63.43950653076172	57.0	70.0	64.77412414550781	60.64444351196289	69.36790466308594	0.24000000953674316	
0.32975339889526367	0.2713720202445984	0.39064767956733704	0.27315258979797363	0.2090749740600586	0.3320237100124359	0.9200000166893005	
66.14388275146484	55.5731315612793	78.69110870361328	67.13520812988281	65.98680877685547	68.50865936279297	0.0	
4487.70947265625	3767.7919921875	5371.412109375	4479.783203125	4453.54150390625	4496.1416015625	0.4399999976158142	
84.53977966308594	72.149658203125	98.50798034667969	85.31231689453125	84.50181579589844	86.19720458984375	0.0	
5.192592620849609	3.0	6.0	3.5293827056884766	2.881481409072876	4.7580246925354	0.04000002145767212	
3.881481409072876	3.0	6.0	4.65965461730957	3.6123456954956055	6.577777862548828	0.7599999904632568

75.32117462158203	64.00685119628906	88.15365600585938	75.32117462158203	75.32118225097656	75.32118225097656	0.0	
13.746116638183594	11.156947135925293	16.39066505432129	13.746112823486328	13.746112823486328	13.746112823486328	0.0	
6.914468288421631	5.897021293640137	8.020413398742676	7.6429338455200195	6.455388069152832	8.78181266784668	0.36000001430511475	
63.43950653076172	57.0	70.0	63.73649978637695	58.36543273925781	68.02963256835938	0.36000001430511475	
0.32975339889526367	0.2713720202445984	0.39064767956733704	0.2740507125854492	0.20041249692440033	0.3803623616695404	0.8400000333786011	
66.14388275146484	55.5731315612793	78.69110870361328	67.01127624511719	64.96060943603516	68.83934783935547	0.07999998331069946	
4487.70947265625	3767.7919921875	5371.412109375	4477.83984375	4452.62646484375	4499.81591796875	0.48000001907348633	
84.53977966308594	72.149658203125	98.50798034667969	85.30277252197266	83.83861541748047	86.32199096679688	0.0	
5.192592620849609	3.0	6.0	3.5773820877075195	2.9037036895751953	4.92345666885376	0.07999998331069946	
3.881481409072876	3.0	6.0	4.430616855621338	3.629629611968994	6.185184955596924	0.6800000071525574	
75.32117462158203	64.00685119628906	88.15365600585938	75.32117462158203	75.32118225097656	75.32118225097656	0.0	
13.746116638183594	11.156947135925293	16.39066505432129	13.746112823486328	13.746112823486328	13.746112823486328	0.0	
6.914468288421631	5.897021293640137	8.020413398742676	7.492220878601074	6.210277557373047	8.487201690673828	0.19999998807907104	
63.43950653076172	57.0	70.0	63.495704650878906	55.75061798095703	68.57283782958984	0.2799999713897705	
0.32975339889526367	0.2713720202445984	0.39064767956733704	0.288413405418396	0.20750941336154938	0.3623638451099396	0.8400000333786011	
66.14388275146484	55.5731315612793	78.69110870361328	66.70252227783203	65.19544219970703	68.46941375732422	0.07999998331069946	
4487.70947265625	3767.7919921875	5371.412109375	4478.359375	4463.826171875	4502.44482421875	0.5600000023841858	
84.53977966308594	72.149658203125	98.50798034667969	85.10184478759766	84.0700912475586	86.21965026855469	0.04000002145767212	
5.192592620849609	3.0	6.0	3.723358154296875	2.975308656692505	5.535802364349365	0.1600000262260437	
3.881481409072876	3.0	6.0	4.547259330749512	3.5827159881591797	5.572839736938477	0.800000011920929	

75.32117462158203	64.00685119628906	88.15365600585938	75.32117462158203	75.32118225097656	75.32118225097656	0.0	
13.746116638183594	11.156947135925293	16.39066505432129	13.746112823486328	13.746112823486328	13.746112823486328	0.0	
6.914468288421631	5.897021293640137	8.020413398742676	7.864211559295654	6.989285469055176	9.25594711303711	0.04000002145767212	
63.43950653076172	57.0	70.0	65.83940887451172	61.9555549621582	69.73580169677734	0.19999998807907104	
0.32975339889526367	0.2713720202445984	0.39064767956733704	0.26480355858802795	0.1905614733695984	0.3159540295600891	0.9599999785423279	
66.14388275146484	55.5731315612793	78.69110870361328	67.06806945800781	65.90638732910156	68.7025146484375	0.0	
4487.70947265625	3767.7919921875	5371.412109375	4484.501953125	4465.44873046875	4501.84228515625	0.3199999928474426	
84.53977966308594	72.149658203125	98.50798034667969	85.42547607421875	84.71607971191406	86.45523834228516	0.0	
5.192592620849609	3.0	6.0	3.4230124950408936	2.8469135761260986	4.276543140411377	0.07999998331069946	
3.881481409072876	3.0	6.0	4.323456764221191	3.553086519241333	5.333333492279053	0.7200000286102295	
75.32117462158203	64.00685119628906	88.15365600585938	75.32117462158203	75.32118225097656	75.32118225097656	0.0	
13.746116638183594	11.156947135925293	16.39066505432129	13.746112823486328	13.746112823486328	13.746112823486328	0.0	
6.914468288421631	5.897021293640137	8.020413398742676	7.627457141876221	6.267204761505127	8.892400741577148	0.12000000476837158	
63.43950653076172	57.0	70.0	64.20177459716797	59.762962341308594	69.11111450195312	0.3199999928474426	
0.32975339889526367	0.2713720202445984	0.39064767956733704	0.277667373418808	0.2048265039920807	0.3472982943058014	0.8799999952316284	
66.14388275146484	55.5731315612793	78.69110870361328	66.92922973632812	65.5286865234375	68.57888793945312	0.04000002145767212	
4487.70947265625	3767.7919921875	5371.412109375	4473.76513671875	4449.81005859375	4491.556640625	0.5600000023841858	
84.53977966308594	72.149658203125	98.50798034667969	85.25139617919922	84.28797149658203	86.25723266601562	0.0	
5.192592620849609	3.0	6.0	3.6080987453460693	2.6543209552764893	5.251852035522461	0.1600000262260437	
3.881481409072876	3.0	6.0	4.6354570388793945	3.6395061016082764	5.446913719177246	0.8400000333786011	

75.32117462158203	64.00685119628906	88.15365600585938	75.32117462158203	75.32118225097656	75.32118225097656	0.0	
13.746116638183594	11.156947135925293	16.39066505432129	13.746112823486328	13.746112823486328	13.746112823486328	0.0	
6.914468288421631	5.897021293640137	8.020413398742676	7.414066314697266	6.131383895874023	8.362954139709473	0.24000000953674316	
63.43950653076172	57.0	70.0	63.773624420166016	57.3358039855957	67.82221984863281	0.3199999928474426	
0.32975339889526367	0.2713720202445984	0.39064767956733704	0.2893558740615845	0.21347472071647644	0.3785143792629242	0.800000011920929	
66.14388275146484	55.5731315612793	78.69110870361328	66.64927673339844	65.00006103515625	68.08882904052734	0.1600000262260437	
4487.70947265625	3767.7919921875	5371.412109375	4479.455078125	4460.51611328125	4497.98388671875	0.5199999809265137	
84.53977966308594	72.149658203125	98.50798034667969	85.09065246582031	83.8602066040039	86.13841247558594	0.04000002145767212	
5.192592620849609	3.0	6.0	3.8508636951446533	2.8765432834625244	5.562963008880615	0.2799999713897705	
3.881481409072876	3.0	6.0	4.431703090667725	3.5851852893829346	5.5851850509643555	0.7599999904632568	

75.32117462158203	64.00685119628906	88.15365600585938	75.32117462158203	75.32118225097656	75.32118225097656	0.0	
13.746116638183594	11.156947135925293	16.39066505432129	13.746112823486328	13.746112823486328	13.746112823486328	0.0	
6.914468288421631	5.897021293640137	8.020413398742676	7.7467942237854	6.866420745849609	8.538609504699707	0.07999998331069946	
63.43950653076172	57.0	70.0	65.37501525878906	62.088890075683594	69.07901000976562	0.1600000262260437	
0.32975339889526367	0.2713720202445984	0.39064767956733704	0.2691721022129059	0.20295703411102295	0.32234710454940796	0.9599999785423279	
66.14388275146484	55.5731315612793	78.69110870361328	67.0987319946289	65.54146575927734	69.1098403930664	0.04000002145767212	
4487.70947265625	3767.7919921875	5371.412109375	4481.7919921875	4462.53076171875	4499.51171875	0.4399999976158142	
84.53977966308594	72.149658203125	98.50798034667969	85.36846923828125	84.62833404541016	86.27682495117188	0.0	
5.192592620849609	3.0	6.0	3.2827651500701904	2.7037036418914795	3.8345677852630615	0.04000002145767212	
3.881481409072876	3.0	6.0	4.572938442230225	3.683950662612915	5.622222423553467	0.7200000286102295

75.32117462158203	64.00685119628906	88.15365600585938	75.32117462158203	75.32118225097656	75.32118225097656	0.0	
13.746116638183594	11.156947135925293	16.39066505432129	13.746112823486328	13.746112823486328	13.746112823486328	0.0	
6.914468288421631	5.897021293640137	8.020413398742676	7.499899387359619	6.415232181549072	8.40540885925293	0.1600000262260437	
63.43950653076172	57.0	70.0	64.01461791992188	59.817283630371094	68.13827514648438	0.4399999976158142	
0.32975339889526367	0.2713720202445984	0.39064767956733704	0.28761857748031616	0.22729621827602386	0.3529740571975708	0.8400000333786011	
66.14388275146484	55.5731315612793	78.69110870361328	66.72513580322266	65.58671569824219	68.15303039550781	0.04000002145767212	
4487.70947265625	3767.7919921875	5371.412109375	4483.1240234375	4454.3134765625	4503.74853515625	0.48000001907348633	
84.53977966308594	72.149658203125	98.50798034667969	85.1136703491211	84.2160873413086	85.9489974975586	0.0	
5.192592620849609	3.0	6.0	3.8371360301971436	3.1654322147369385	5.545679092407227	0.1600000262260437	
3.881481409072876	3.0	6.0	4.796247482299805	3.419753074645996	7.325925827026367	0.7200000286102295

75.32117462158203	64.00685119628906	88.15365600585938	75.32117462158203	75.32118225097656	75.32118225097656	0.0	
13.746116638183594	11.156947135925293	16.39066505432129	13.746112823486328	13.746112823486328	13.746112823486328	0.0	
6.914468288421631	5.897021293640137	8.020413398742676	7.939274787902832	7.161141395568848	8.87141227722168	0.0	
63.43950653076172	57.0	70.0	65.54518127441406	61.79999923706055	68.82469177246094	0.12000000476837158	
0.32975339889526367	0.2713720202445984	0.39064767956733704	0.2528250217437744	0.17244209349155426	0.3119320273399353	1.0	
66.14388275146484	55.5731315612793	78.69110870361328	67.47916412353516	65.97657012939453	69.41841125488281	0.0	
4487.70947265625	3767.7919921875	5371.412109375	4478.58251953125	4457.783203125	4495.63818359375	0.5600000023841858	
84.53977966308594	72.149658203125	98.50798034667969	85.59522247314453	84.7640151977539	86.69830322265625	0.0	
5.192592620849609	3.0	6.0	3.5519015789031982	2.9283950328826904	4.629629611968994	0.07999998331069946	
3.881481409072876	3.0	6.0	4.316148281097412	3.48888897895813	5.279012203216553	0.7599999904632568	
75.32117462158203	64.00685119628906	88.15365600585938	75.32117462158203	75.32118225097656	75.32118225097656	0.0	
13.746116638183594	11.156947135925293	16.39066505432129	13.746112823486328	13.746112823486328	13.746112823486328	0.0	
6.914468288421631	5.897021293640137	8.020413398742676	7.624111175537109	6.82226037979126	8.416733741760254	0.12000000476837158	
63.43950653076172	57.0	70.0	64.8882064819336	58.7728385925293	69.6543197631836	0.1600000262260437	
0.32975339889526367	0.2713720202445984	0.39064767956733704	0.2736422121524811	0.22590428590774536	0.3261752426624298	0.9599999785423279	
66.14388275146484	55.5731315612793	78.69110870361328	67.02215576171875	65.83565521240234	68.3526382446289	0.0	
4487.70947265625	3767.7919921875	5371.412109375	4483.2783203125	4455.95263671875	4506.14013671875	0.4399999976158142	
84.53977966308594	72.149658203125	98.50798034667969	85.30652618408203	84.59383392333984	85.95771789550781	0.0	
5.192592620849609	3.0	6.0	3.426567792892456	2.7407407760620117	4.069135665893555	0.04000002145767212	
3.881481409072876	3.0	6.0	4.474666118621826	3.4567902088165283	5.570370197296143	0.6800000071525574
75.32117462158203	64.00685119628906	88.15365600585938	75.32117462158203	75.32118225097656	75.32118225097656	0.0	
13.746116638183594	11.156947135925293	16.39066505432129	13.746112823486328	13.746112823486328	13.746112823486328	0.0	
6.914468288421631	5.897021293640137	8.020413398742676	7.5082807540893555	6.437941074371338	8.368307113647461	0.12000000476837158	
63.43950653076172	57.0	70.0	63.826663970947266	59.7728385925293	68.82469177246094	0.4399999976158142	
0.32975339889526367	0.2713720202445984	0.39064767956733704	0.28160595893859863	0.21149185299873352	0.3728020489215851	0.8400000333786011	
66.14388275146484	55.5731315612793	78.69110870361328	66.99740600585938	65.07617950439453	67.94749450683594	0.07999998331069946	
4487.70947265625	3767.7919921875	5371.412109375	4477.64697265625	4452.458984375	4501.2109375	0.5600000023841858	
84.53977966308594	72.149658203125	98.50798034667969	85.19940185546875	83.95054626464844	86.16618347167969	0.0	
5.192592620849609	3.0	6.0	3.9021236896514893	2.920987606048584	6.6123456954956055	0.19999998807907104	
3.881481409072876	3.0	6.0	5.141530990600586	3.5333333015441895	8.0	0.8400000333786011	

75.32117462158203	64.00685119628906	88.15365600585938	75.32117462158203	75.32118225097656	75.32118225097656	0.0	
13.746116638183594	11.156947135925293	16.39066505432129	13.746112823486328	13.746112823486328	13.746112823486328	0.0	
6.914468288421631	5.897021293640137	8.020413398742676	7.663837432861328	6.734939098358154	8.853924751281738	0.12000000476837158	
63.43950653076172	57.0	70.0	64.51268768310547	60.41234588623047	69.58024597167969	0.3999999761581421	
0.32975339889526367	0.2713720202445984	0.39064767956733704	0.2817782461643219	0.20998184382915497	0.3508935272693634	0.8400000333786011	
66.14388275146484	55.5731315612793	78.69110870361328	66.91075897216797	65.5858383178711	68.20411682128906	0.04000002145767212	
4487.70947265625	3767.7919921875	5371.412109375	4480.4970703125	4454.86572265625	4502.640625	0.48000001907348633	
84.53977966308594	72.149658203125	98.50798034667969	85.1923599243164	84.24334716796875	86.18026733398438	0.0	
5.192592620849609	3.0	6.0	3.674567937850952	2.8740739822387695	4.916049480438232	0.07999998331069946	
3.881481409072876	3.0	6.0	4.670913219451904	3.738271713256836	6.832098960876465	0.7599999904632568	

75.32117462158203	64.00685119628906	88.15365600585938	75.32117462158203	75.32118225097656	75.32118225097656	0.0	
13.746116638183594	11.156947135925293	16.39066505432129	13.746112823486328	13.746112823486328	13.746112823486328	0.0	
6.914468288421631	5.897021293640137	8.020413398742676	7.511388778686523	6.243450164794922	8.487265586853027	0.19999998807907104	
63.43950653076172	57.0	70.0	64.14627075195312	55.787654876708984	69.20740509033203	0.3199999928474426	
0.32975339889526367	0.2713720202445984	0.39064767956733704	0.2863054573535919	0.21407298743724823	0.3704952895641327	0.8799999952316284	
66.14388275146484	55.5731315612793	78.69110870361328	66.74700927734375	65.25463104248047	68.1352310180664	0.12000000476837158	
4487.70947265625	3767.7919921875	5371.412109375	4481.4013671875	4463.12841796875	4497.56103515625	0.3999999761581421	
84.53977966308594	72.149658203125	98.50798034667969	85.13194274902344	83.96864318847656	86.13011932373047	0.04000002145767212	
5.192592620849609	3.0	6.0	3.7050867080688477	2.7333333492279053	5.0	0.12000000476837158	
3.881481409072876	3.0	6.0	4.492345809936523	3.419753074645996	7.02716064453125	0.800000011920929	

75.32117462158203	64.00685119628906	88.15365600585938	75.32117462158203	75.32118225097656	75.32118225097656	0.0	
13.746116638183594	11.156947135925293	16.39066505432129	13.746112823486328	13.746112823486328	13.746112823486328	0.0	
6.914468288421631	5.897021293640137	8.020413398742676	7.702303886413574	6.501338481903076	8.827564239501953	0.19999998807907104	
63.43950653076172	57.0	70.0	65.10350799560547	61.29876708984375	68.77037048339844	0.19999998807907104	
0.32975339889526367	0.2713720202445984	0.39064767956733704	0.2707211375236511	0.1887996792793274	0.343315452337265	0.8799999952316284	
66.14388275146484	55.5731315612793	78.69110870361328	66.98603057861328	65.58262634277344	68.73043823242188	0.0	
4487.70947265625	3767.7919921875	5371.412109375	4482.361328125	4461.55615234375	4499.52734375	0.36000001430511475	
84.53977966308594	72.149658203125	98.50798034667969	85.3486328125	84.36392974853516	86.47872161865234	0.0	
5.192592620849609	3.0	6.0	3.395061731338501	2.9111111164093018	3.987654209136963	0.04000002145767212	
3.881481409072876	3.0	6.0	4.611851692199707	3.4419753551483154	6.6395063400268555	0.6800000071525574	

75.32117462158203	64.00685119628906	88.15365600585938	75.32117462158203	75.32118225097656	75.32118225097656	0.0	
13.746116638183594	11.156947135925293	16.39066505432129	13.746112823486328	13.746112823486328	13.746112823486328	0.0	
6.914468288421631	5.897021293640137	8.020413398742676	7.349578380584717	6.321115493774414	8.583937644958496	0.24000000953674316	
63.43950653076172	57.0	70.0	63.342620849609375	59.31604766845703	68.6395034790039	0.48000001907348633	
0.32975339889526367	0.2713720202445984	0.39064767956733704	0.29210013151168823	0.21963495016098022	0.3663032054901123	0.7599999904632568	
66.14388275146484	55.5731315612793	78.69110870361328	66.64305114746094	65.06620788574219	68.46858978271484	0.12000000476837158	
4487.70947265625	3767.7919921875	5371.412109375	4479.873046875	4447.6982421875	4493.91162109375	0.4399999976158142	
84.53977966308594	72.149658203125	98.50798034667969	85.0538101196289	84.0307846069336	86.0440673828125	0.04000002145767212	
5.192592620849609	3.0	6.0	3.5451855659484863	3.0962963104248047	4.496296405792236	0.07999998331069946	
3.881481409072876	3.0	6.0	4.817283630371094	3.6518518924713135	7.725925922393799	0.7599999904632568

75.32117462158203	64.00685119628906	88.15365600585938	75.32117462158203	75.32118225097656	75.32118225097656	0.0	
13.746116638183594	11.156947135925293	16.39066505432129	13.746112823486328	13.746112823486328	13.746112823486328	0.0	
6.914468288421631	5.897021293640137	8.020413398742676	7.4643402099609375	6.199801445007324	8.497684478759766	0.1600000262260437	
63.43950653076172	57.0	70.0	64.02665710449219	60.296295166015625	69.29629516601562	0.4399999976158142	
0.32975339889526367	0.2713720202445984	0.39064767956733704	0.29149895906448364	0.23077568411827087	0.3562656044960022	0.800000011920929	
66.14388275146484	55.5731315612793	78.69110870361328	66.70072937011719	64.57042694091797	68.16999816894531	0.07999998331069946	
4487.70947265625	3767.7919921875	5371.412109375	4479.76220703125	4461.8837890625	4499.59228515625	0.5600000023841858	
84.53977966308594	72.149658203125	98.50798034667969	85.06110382080078	84.1699447631836	85.88687133789062	0.04000002145767212	
5.192592620849609	3.0	6.0	3.715357780456543	2.8641974925994873	5.143209934234619	0.12000000476837158	
3.881481409072876	3.0	6.0	5.1138763427734375	3.6395061016082764	7.817284107208252	0.9200000166893005	

75.32117462158203	64.00685119628906	88.15365600585938	75.32117462158203	75.32118225097656	75.32118225097656	0.0	
13.746116638183594	11.156947135925293	16.39066505432129	13.746112823486328	13.746112823486328	13.746112823486328	0.0	
6.914468288421631	5.897021293640137	8.020413398742676	7.6308817863464355	6.591226100921631	8.618943214416504	0.1600000262260437	
63.43950653076172	57.0	70.0	64.28592681884766	57.545677185058594	68.33827209472656	0.36000001430511475	
0.32975339889526367	0.2713720202445984	0.39064767956733704	0.27943968772888184	0.20970448851585388	0.34517380595207214	0.8400000333786011	
66.14388275146484	55.5731315612793	78.69110870361328	66.92713928222656	65.42231750488281	68.75343322753906	0.04000002145767212	
4487.70947265625	3767.7919921875	5371.412109375	4477.666015625	4452.64990234375	4501.08837890625	0.48000001907348633	
84.53977966308594	72.149658203125	98.50798034667969	85.22492218017578	84.31658935546875	86.1904296875	0.0	
5.192592620849609	3.0	6.0	3.5064690113067627	3.0469136238098145	4.091358184814453	0.04000002145767212	
3.881481409072876	3.0	6.0	4.638914108276367	3.53827166557312	5.587654113769531	0.7200000286102295	

75.32117462158203	64.00685119628906	88.15365600585938	75.32117462158203	75.32118225097656	75.32118225097656	0.0	
13.746116638183594	11.156947135925293	16.39066505432129	13.746112823486328	13.746112823486328	13.746112823486328	0.0	
6.914468288421631	5.897021293640137	8.020413398742676	7.205522060394287	6.092461109161377	8.227072715759277	0.3999999761581421	
63.43950653076172	57.0	70.0	63.253536224365234	58.68888854980469	67.99506378173828	0.48000001907348633	
0.32975339889526367	0.2713720202445984	0.39064767956733704	0.302915096282959	0.2333488166332245	0.3943273723125458	0.7200000286102295	
66.14388275146484	55.5731315612793	78.69110870361328	66.5371322631836	64.78659057617188	67.9208755493164	0.07999998331069946	
4487.70947265625	3767.7919921875	5371.412109375	4481.46240234375	4443.96142578125	4499.52001953125	0.3199999928474426	
84.53977966308594	72.149658203125	98.50798034667969	84.90526580810547	83.63887023925781	85.86250305175781	0.07999998331069946	
5.192592620849609	3.0	6.0	3.8427650928497314	3.0444445610046387	5.259259223937988	0.19999998807907104	
3.881481409072876	3.0	6.0	4.990024566650391	3.540740728378296	7.083950519561768	0.8799999952316284
75.32117462158203	64.00685119628906	88.15365600585938	75.32117462158203	75.32118225097656	75.32118225097656	0.0	
13.746116638183594	11.156947135925293	16.39066505432129	13.746112823486328	13.746112823486328	13.746112823486328	0.0	
6.914468288421631	5.897021293640137	8.020413398742676	7.4297003746032715	6.74650239944458	8.032380104064941	0.12000000476837158	
63.43950653076172	57.0	70.0	63.79021453857422	59.646915435791016	67.325927734375	0.4399999976158142	
0.32975339889526367	0.2713720202445984	0.39064767956733704	0.2880869209766388	0.2477143108844757	0.32870951294898987	0.9599999785423279	
66.14388275146484	55.5731315612793	78.69110870361328	66.81183624267578	65.59664154052734	67.8624496459961	0.0	
4487.70947265625	3767.7919921875	5371.412109375	4481.37890625	4459.1875	4496.5087890625	0.3999999761581421	
84.53977966308594	72.149658203125	98.50798034667969	85.10840606689453	84.55516052246094	85.65189361572266	0.0	
5.192592620849609	3.0	6.0	3.7920000553131104	2.8888888359069824	5.054320812225342	0.1600000262260437	
3.881481409072876	3.0	6.0	4.811456203460693	3.841975212097168	6.227160453796387	0.8400000333786011

75.32117462158203	64.00685119628906	88.15365600585938	75.32117462158203	75.32118225097656	75.32118225097656	0.0	
13.746116638183594	11.156947135925293	16.39066505432129	13.746112823486328	13.746112823486328	13.746112823486328	0.0	
6.914468288421631	5.897021293640137	8.020413398742676	7.484778881072998	6.53864049911499	8.262115478515625	0.19999998807907104	
63.43950653076172	57.0	70.0	63.170074462890625	55.95802307128906	67.52592468261719	0.36000001430511475	
0.32975339889526367	0.2713720202445984	0.39064767956733704	0.27998945116996765	0.22675547003746033	0.34405016899108887	0.8400000333786011	
66.14388275146484	55.5731315612793	78.69110870361328	66.99578857421875	65.24610137939453	68.58926391601562	0.07999998331069946	
4487.70947265625	3767.7919921875	5371.412109375	4478.80712890625	4462.1513671875	4497.01708984375	0.48000001907348633	
84.53977966308594	72.149658203125	98.50798034667969	85.219970703125	84.33027648925781	85.95700073242188	0.04000002145767212	
5.192592620849609	3.0	6.0	3.6109628677368164	2.8790123462677	4.68641996383667	0.07999998331069946	
3.881481409072876	3.0	6.0	4.8764448165893555	3.7827160358428955	7.733333110809326	0.7599999904632568	
 
75.32117462158203	64.00685119628906	88.15365600585938	75.32117462158203	75.32118225097656	75.32118225097656	0.0	
13.746116638183594	11.156947135925293	16.39066505432129	13.746112823486328	13.746112823486328	13.746112823486328	0.0	
6.914468288421631	5.897021293640137	8.020413398742676	7.53132438659668	6.386818885803223	8.896909713745117	0.24000000953674316	
63.43950653076172	57.0	70.0	64.35357666015625	59.15061569213867	69.9456787109375	0.36000001430511475	
0.32975339889526367	0.2713720202445984	0.39064767956733704	0.28375542163848877	0.21154722571372986	0.3616918623447418	0.8400000333786011	
66.14388275146484	55.5731315612793	78.69110870361328	66.86072540283203	65.58453369140625	68.10511779785156	0.04000002145767212	
4487.70947265625	3767.7919921875	5371.412109375	4487.408203125	4467.17431640625	4507.6826171875	0.24000000953674316	
84.53977966308594	72.149658203125	98.50798034667969	85.16850280761719	84.09695434570312	86.16529846191406	0.0	
5.192592620849609	3.0	6.0	3.664888858795166	2.8518519401550293	5.0197529792785645	0.12000000476837158	
3.881481409072876	3.0	6.0	4.867358207702637	3.432098865509033	9.014814376831055	0.7599999904632568	
75.32117462158203	64.00685119628906	88.15365600585938	75.32117462158203	75.32118225097656	75.32118225097656	0.0	
13.746116638183594	11.156947135925293	16.39066505432129	13.746112823486328	13.746112823486328	13.746112823486328	0.0	
6.914468288421631	5.897021293640137	8.020413398742676	7.567213535308838	6.415399074554443	8.846109390258789	0.12000000476837158	
63.43950653076172	57.0	70.0	64.15723419189453	56.461727142333984	68.4000015258789	0.36000001430511475	
0.32975339889526367	0.2713720202445984	0.39064767956733704	0.28424033522605896	0.20622853934764862	0.34267735481262207	0.9200000166893005	
66.14388275146484	55.5731315612793	78.69110870361328	66.78697967529297	65.5257339477539	68.34288024902344	0.04000002145767212	
4487.70947265625	3767.7919921875	5371.412109375	4478.60205078125	4459.2724609375	4501.23095703125	0.6000000238418579	
84.53977966308594	72.149658203125	98.50798034667969	85.15795135498047	84.34896087646484	86.23725891113281	0.04000002145767212	
5.192592620849609	3.0	6.0	3.8836545944213867	2.975308656692505	5.012345790863037	0.1600000262260437	
3.881481409072876	3.0	6.0	4.565037250518799	3.6370370388031006	7.738271713256836	0.6399999856948853	
75.32117462158203	64.00685119628906	88.15365600585938	75.32117462158203	75.32118225097656	75.32118225097656	0.0	
13.746116638183594	11.156947135925293	16.39066505432129	13.746112823486328	13.746112823486328	13.746112823486328	0.0	
6.914468288421631	5.897021293640137	8.020413398742676	7.567924976348877	6.219097137451172	8.376270294189453	0.07999998331069946	
63.43950653076172	57.0	70.0	63.859554290771484	59.52345657348633	67.75308990478516	0.36000001430511475	
0.32975339889526367	0.2713720202445984	0.39064767956733704	0.2783265709877014	0.22516202926635742	0.35106396675109863	0.9200000166893005	
66.14388275146484	55.5731315612793	78.69110870361328	66.90988159179688	65.34256744384766	68.0319595336914	0.04000002145767212	
4487.70947265625	3767.7919921875	5371.412109375	4474.009765625	4455.73486328125	4494.5654296875	0.6800000071525574	
84.53977966308594	72.149658203125	98.50798034667969	85.24226379394531	84.25004577636719	85.97079467773438	0.0	
5.192592620849609	3.0	6.0	3.5212838649749756	3.0074074268341064	4.933333396911621	0.07999998331069946	
3.881481409072876	3.0	6.0	4.384889125823975	3.5703704357147217	5.745678901672363	0.6000000238418579

75.32117462158203	64.00685119628906	88.15365600585938	75.32117462158203	75.32118225097656	75.32118225097656	0.0	
13.746116638183594	11.156947135925293	16.39066505432129	13.746112823486328	13.746112823486328	13.746112823486328	0.0	
6.914468288421631	5.897021293640137	8.020413398742676	7.699648857116699	6.865483283996582	8.918193817138672	0.12000000476837158	
63.43950653076172	57.0	70.0	64.33590698242188	59.28641891479492	69.11111450195312	0.2799999713897705	
0.32975339889526367	0.2713720202445984	0.39064767956733704	0.2747350335121155	0.20519691705703735	0.3429343104362488	0.9200000166893005	
66.14388275146484	55.5731315612793	78.69110870361328	67.07718658447266	65.46403503417969	68.46053314208984	0.04000002145767212	
4487.70947265625	3767.7919921875	5371.412109375	4474.7763671875	4445.9619140625	4497.3330078125	0.5600000023841858	
84.53977966308594	72.149658203125	98.50798034667969	85.29121398925781	84.349365234375	86.23881530761719	0.0	
5.192592620849609	3.0	6.0	3.8339755535125732	2.930864095687866	5.217283725738525	0.24000000953674316	
3.881481409072876	3.0	6.0	4.426173210144043	3.577777862548828	5.592592716217041	0.6399999856948853
75.32117462158203	64.00685119628906	88.15365600585938	75.32117462158203	75.32118225097656	75.32118225097656	0.0	
13.746116638183594	11.156947135925293	16.39066505432129	13.746112823486328	13.746112823486328	13.746112823486328	0.0	
6.914468288421631	5.897021293640137	8.020413398742676	7.531705856323242	6.49168586730957	8.273115158081055	0.12000000476837158	
63.43950653076172	57.0	70.0	63.95448303222656	58.291358947753906	67.11605072021484	0.3199999928474426	
0.32975339889526367	0.2713720202445984	0.39064767956733704	0.28262636065483093	0.22084015607833862	0.34772631525993347	0.9200000166893005	
66.14388275146484	55.5731315612793	78.69110870361328	66.81494903564453	65.69776153564453	68.04940032958984	0.0	
4487.70947265625	3767.7919921875	5371.412109375	4477.83447265625	4452.99267578125	4497.546875	0.6000000238418579	
84.53977966308594	72.149658203125	98.50798034667969	85.18367004394531	84.28643798828125	86.03218841552734	0.0	
5.192592620849609	3.0	6.0	3.516049385070801	2.814814805984497	4.451851844787598	0.04000002145767212	
3.881481409072876	3.0	6.0	4.630617141723633	3.720987558364868	5.893826961517334	0.800000011920929	


75.32117462158203	64.00685119628906	88.15365600585938	75.32117462158203	75.32118225097656	75.32118225097656	0.0	
13.746116638183594	11.156947135925293	16.39066505432129	13.746112823486328	13.746112823486328	13.746112823486328	0.0	
6.914468288421631	5.897021293640137	8.020413398742676	7.646907806396484	6.919032573699951	8.262368202209473	0.04000002145767212	
63.43950653076172	57.0	70.0	64.62232208251953	60.158023834228516	67.2518539428711	0.12000000476837158	
0.32975339889526367	0.2713720202445984	0.39064767956733704	0.2745552062988281	0.23449623584747314	0.332732617855072	0.9200000166893005	
66.14388275146484	55.5731315612793	78.69110870361328	67.0093994140625	66.08489990234375	68.03768920898438	0.0	
4487.70947265625	3767.7919921875	5371.412109375	4480.7646484375	4461.46826171875	4502.35009765625	0.4399999976158142	
84.53977966308594	72.149658203125	98.50798034667969	85.29366302490234	84.49617004394531	85.84506225585938	0.0	
5.192592620849609	3.0	6.0	3.5903208255767822	2.9407408237457275	4.550617218017578	0.04000002145767212	
3.881481409072876	3.0	6.0	4.479210376739502	3.288888931274414	7.819753170013428	0.6399999856948853

75.32117462158203	64.00685119628906	88.15365600585938	75.32117462158203	75.32118225097656	75.32118225097656	0.0	
13.746116638183594	11.156947135925293	16.39066505432129	13.746112823486328	13.746112823486328	13.746112823486328	0.0	
6.914468288421631	5.897021293640137	8.020413398742676	7.831338405609131	6.450592041015625	8.888455390930176	0.12000000476837158	
63.43950653076172	57.0	70.0	65.27921295166016	59.49876403808594	70.44937896728516	0.19999998807907104	
0.32975339889526367	0.2713720202445984	0.39064767956733704	0.26882675290107727	0.19067932665348053	0.36238041520118713	0.8799999952316284	
66.14388275146484	55.5731315612793	78.69110870361328	67.1618881225586	64.94409942626953	68.9181900024414	0.07999998331069946	
4487.70947265625	3767.7919921875	5371.412109375	4476.52294921875	4454.54296875	4495.32861328125	0.6000000238418579	
84.53977966308594	72.149658203125	98.50798034667969	85.3742904663086	84.0843276977539	86.45980072021484	0.04000002145767212	
5.192592620849609	3.0	6.0	3.856987953186035	2.8197531700134277	6.73086404800415	0.1600000262260437	
3.881481409072876	3.0	6.0	4.341728210449219	3.2987654209136963	6.029629707336426	0.6399999856948853	

75.32117462158203	64.00685119628906	88.15365600585938	75.32117462158203	75.32118225097656	75.32118225097656	0.0	
13.746116638183594	11.156947135925293	16.39066505432129	13.746112823486328	13.746112823486328	13.746112823486328	0.0	
6.914468288421631	5.897021293640137	8.020413398742676	7.463344573974609	6.596874237060547	8.288853645324707	0.19999998807907104	
63.43950653076172	57.0	70.0	64.38577270507812	60.52098846435547	68.29629516601562	0.4399999976158142	
0.32975339889526367	0.2713720202445984	0.39064767956733704	0.28687697649002075	0.22537565231323242	0.3483041524887085	0.8400000333786011	
66.14388275146484	55.5731315612793	78.69110870361328	66.70858764648438	65.31787109375	68.00202178955078	0.07999998331069946	
4487.70947265625	3767.7919921875	5371.412109375	4479.9736328125	4457.17822265625	4498.4609375	0.4399999976158142	
84.53977966308594	72.149658203125	98.50798034667969	85.12324523925781	84.2816390991211	85.97765350341797	0.0	
5.192592620849609	3.0	6.0	3.563753366470337	2.9530863761901855	4.995061874389648	0.07999998331069946	
3.881481409072876	3.0	6.0	4.554073810577393	3.5037035942077637	5.63209867477417	0.7599999904632568

75.32117462158203	64.00685119628906	88.15365600585938	75.32117462158203	75.32118225097656	75.32118225097656	0.0	
13.746116638183594	11.156947135925293	16.39066505432129	13.746112823486328	13.746112823486328	13.746112823486328	0.0	
6.914468288421631	5.897021293640137	8.020413398742676	7.570858955383301	5.899367809295654	8.620805740356445	0.19999998807907104	
63.43950653076172	57.0	70.0	64.69658660888672	57.572837829589844	69.6543197631836	0.2799999713897705	
0.32975339889526367	0.2713720202445984	0.39064767956733704	0.28380540013313293	0.2099209874868393	0.3964434862136841	0.8400000333786011	
66.14388275146484	55.5731315612793	78.69110870361328	66.75475311279297	64.47407531738281	68.50597381591797	0.19999998807907104	
4487.70947265625	3767.7919921875	5371.412109375	4480.2783203125	4451.02392578125	4498.44677734375	0.3199999928474426	
84.53977966308594	72.149658203125	98.50798034667969	85.16563415527344	83.61748504638672	86.18197631835938	0.12000000476837158	
5.192592620849609	3.0	6.0	3.8006911277770996	2.8469135761260986	5.824691295623779	0.19999998807907104	
3.881481409072876	3.0	6.0	4.631901741027832	3.567901134490967	7.140740871429443	0.7200000286102295	

75.32117462158203	64.00685119628906	88.15365600585938	75.32117462158203	75.32118225097656	75.32118225097656	0.0	
13.746116638183594	11.156947135925293	16.39066505432129	13.746112823486328	13.746112823486328	13.746112823486328	0.0	
6.914468288421631	5.897021293640137	8.020413398742676	7.7216057777404785	6.818556308746338	8.659032821655273	0.07999998331069946	
63.43950653076172	57.0	70.0	65.1069564819336	60.28888702392578	68.81975555419922	0.19999998807907104	
0.32975339889526367	0.2713720202445984	0.39064767956733704	0.26582279801368713	0.2149875909090042	0.3140088617801666	0.9599999785423279	
66.14388275146484	55.5731315612793	78.69110870361328	67.15541076660156	65.69635009765625	68.27629089355469	0.04000002145767212	
4487.70947265625	3767.7919921875	5371.412109375	4478.771484375	4457.0654296875	4495.17724609375	0.48000001907348633	
84.53977966308594	72.149658203125	98.50798034667969	85.41546630859375	84.76058959960938	86.10330200195312	0.04000002145767212	
5.192592620849609	3.0	6.0	3.3778762817382812	2.7308642864227295	4.456789970397949	0.04000002145767212	
3.881481409072876	3.0	6.0	4.7039008140563965	3.607407331466675	6.688889026641846	0.7599999904632568	


