Stat order:
	Tree size
	Internal branch size
	AI
	PS
	UniFrac
	NT (combined, distance-based)
	NR (combined, distance-based)
	PD (combined)
	MC (states 1..n)

observed mean	lower 95% CI	upper 95% CU	null mean	lower 95% CI	upper 95% CI	significance

75.32117462158203	64.00685119628906	88.15365600585938	75.32117462158203	75.32118225097656	75.32118225097656	0.0	
13.746116638183594	11.156947135925293	16.39066505432129	13.746110916137695	13.746112823486328	13.746112823486328	0.0	
6.914468288421631	5.897021293640137	8.020413398742676	7.459120750427246	6.871307373046875	8.165605545043945	0.19999998807907104	
63.43950653076172	57.0	70.0	63.3148078918457	60.21728515625	66.57283782958984	0.3999999761581421	
0.32975339889526367	0.2713720202445984	0.39064767956733704	0.2897171378135681	0.24132569134235382	0.33436524868011475	0.800000011920929	
66.14388275146484	55.5731315612793	78.69110870361328	66.686767578125	65.87336730957031	67.9582290649414	0.0	
4487.70947265625	3767.7919921875	5371.412109375	4474.6298828125	4457.3876953125	4488.15576171875	0.5	
84.53977966308594	72.149658203125	98.50798034667969	85.082763671875	84.5145263671875	85.91197204589844	0.0	
5.192592620849609	3.0	6.0	3.87333345413208	3.4814815521240234	5.180246829986572	0.19999998807907104	
3.881481409072876	3.0	6.0	5.243210315704346	4.029629707336426	7.706172943115234	1.0	


0929	




75.32117462158203	64.00685119628906	88.15365600585938	75.32117462158203	75.32118225097656	75.32118225097656	0.0	
13.746116638183594	11.156947135925293	16.39066505432129	13.746110916137695	13.746112823486328	13.746112823486328	0.0	
6.914468288421631	5.897021293640137	8.020413398742676	7.796701908111572	7.037978649139404	9.453091621398926	0.10000002384185791	
63.43950653076172	57.0	70.0	64.81333923339844	62.63209915161133	72.30370330810547	0.19999998807907104	
0.32975339889526367	0.2713720202445984	0.39064767956733704	0.26718613505363464	0.2016867697238922	0.34699198603630066	0.800000011920929	
66.14388275146484	55.5731315612793	78.69110870361328	66.991943359375	65.63800048828125	68.92613220214844	0.0	
4487.70947265625	3767.7919921875	5371.412109375	4479.140625	4464.5380859375	4498.275390625	0.6000000238418579	
84.53977966308594	72.149658203125	98.50798034667969	85.39268493652344	84.43960571289062	86.62071990966797	0.0	
5.192592620849609	3.0	6.0	3.5101237297058105	3.0197529792785645	4.992592811584473	0.10000002384185791	
3.881481409072876	3.0	6.0	4.474320888519287	3.6617283821105957	5.698765277862549	0.800000011920929	




75.32117462158203	64.00685119628906	88.15365600585938	75.32117462158203	75.32118225097656	75.32118225097656	0.0	
13.746116638183594	11.156947135925293	16.39066505432129	13.746110916137695	13.746112823486328	13.746112823486328	0.0	
6.914468288421631	5.897021293640137	8.020413398742676	7.619790077209473	7.231776714324951	8.614445686340332	0.0	
63.43950653076172	57.0	70.0	63.915550231933594	62.59012222290039	66.94320678710938	0.19999998807907104	
0.32975339889526367	0.2713720202445984	0.39064767956733704	0.28201255202293396	0.2407289445400238	0.3361389636993408	0.8999999761581421	
66.14388275146484	55.5731315612793	78.69110870361328	66.70470428466797	65.8232421875	68.21858978271484	0.0	
4487.70947265625	3767.7919921875	5371.412109375	4466.1494140625	4451.56787109375	4490.8076171875	0.8999999761581421	
84.53977966308594	72.149658203125	98.50798034667969	85.19328308105469	84.90241241455078	86.0709228515625	0.0	
5.192592620849609	3.0	6.0	3.61037015914917	3.224691390991211	4.587654113769531	0.10000002384185791	
3.881481409072876	3.0	6.0	4.59283971786499	4.034567832946777	5.851851940155029	1.0	



75.32117462158203	64.00685119628906	88.15365600585938	75.32117462158203	75.32118225097656	75.32118225097656	0.0	
13.746116638183594	11.156947135925293	16.39066505432129	13.746110916137695	13.746112823486328	13.746112823486328	0.0	
6.914468288421631	5.897021293640137	8.020413398742676	7.571347713470459	6.784432411193848	8.713434219360352	0.30000001192092896	
63.43950653076172	57.0	70.0	64.30320739746094	58.681480407714844	69.9111099243164	0.30000001192092896	
0.32975339889526367	0.2713720202445984	0.39064767956733704	0.28490158915519714	0.24263662099838257	0.3392206132411957	0.8999999761581421	
66.14388275146484	55.5731315612793	78.69110870361328	66.76359558105469	65.84314727783203	68.24330139160156	0.0	
4487.70947265625	3767.7919921875	5371.412109375	4473.25927734375	4455.02392578125	4493.0556640625	0.699999988079071	
84.53977966308594	72.149658203125	98.50798034667969	85.15166473388672	84.63690948486328	86.38391876220703	0.0	
5.192592620849609	3.0	6.0	3.500246524810791	2.9012346267700195	4.9259257316589355	0.10000002384185791	
3.881481409072876	3.0	6.0	4.93308687210083	3.7950618267059326	7.943209648132324	0.800000011920929	



75.32117462158203	64.00685119628906	88.15365600585938	75.32117462158203	75.32118225097656	75.32118225097656	0.0	
13.746116638183594	11.156947135925293	16.39066505432129	13.746110916137695	13.746112823486328	13.746112823486328	0.0	
6.914468288421631	5.897021293640137	8.020413398742676	7.318411350250244	6.939001560211182	8.077353477478027	0.10000002384185791	
63.43950653076172	57.0	70.0	63.291358947753906	61.01234436035156	65.14814758300781	0.30000001192092896	
0.32975339889526367	0.2713720202445984	0.39064767956733704	0.2949192523956299	0.2691536545753479	0.3290647268295288	1.0	
66.14388275146484	55.5731315612793	78.69110870361328	66.51398468017578	65.78367614746094	67.5013427734375	0.0	
4487.70947265625	3767.7919921875	5371.412109375	4475.2509765625	4459.19384765625	4498.97119140625	0.6000000238418579	
84.53977966308594	72.149658203125	98.50798034667969	85.01383972167969	84.57305908203125	85.66219329833984	0.0	
5.192592620849609	3.0	6.0	3.5797531604766846	3.1382715702056885	5.224691390991211	0.19999998807907104	
3.881481409072876	3.0	6.0	4.745678901672363	3.9432098865509033	5.955555438995361	0.8999999761581421	


