Stat order:
	Tree size
	Internal branch size
	AI
	PS
	UniFrac
	NT (combined, distance-based)
	NR (combined, distance-based)
	PD (combined)
	MC (states 1..n)

observed mean	lower 95% CI	upper 95% CU	null mean	lower 95% CI	upper 95% CI	significance
75.32117462158203	64.00685119628906	88.15365600585938	75.32125854492188	75.32118225097656	75.32118225097656	0.0	
13.746116638183594	11.156947135925293	16.39066505432129	13.746102333068848	13.746112823486328	13.746112823486328	0.0	
6.914468288421631	5.897021293640137	8.020413398742676	7.614841938018799	6.402478218078613	8.747267723083496	0.1899999976158142	
63.43950653076172	57.0	70.0	64.47018432617188	59.404937744140625	68.83209991455078	0.30000001192092896	
0.32975339889526367	0.2713720202445984	0.39064767956733704	0.27850741147994995	0.18936572968959808	0.3557930588722229	0.8500000238418579	
66.14388275146484	55.5731315612793	78.69110870361328	66.96976470947266	65.19384002685547	68.8168716430664	0.07999998331069946	
4487.70947265625	3767.7919921875	5371.412109375	4481.60498046875	4455.1162109375	4505.39453125	0.38999998569488525	
84.53977966308594	72.149658203125	98.50798034667969	85.23977661132812	84.18455505371094	86.46163940429688	0.0	
5.192592620849609	3.0	6.0	3.615480899810791	2.817283868789673	5.227160453796387	0.07999998331069946	
3.881481409072876	3.0	6.0	4.58360481262207	3.48888897895813	6.0	0.75
75.32117462158203	64.00685119628906	88.15365600585938	75.32125854492188	75.32118225097656	75.32118225097656	0.0	
13.746116638183594	11.156947135925293	16.39066505432129	13.746102333068848	13.746112823486328	13.746112823486328	0.0	
6.914468288421631	5.897021293640137	8.020413398742676	7.543698310852051	6.398151397705078	8.677534103393555	0.19999998807907104	
63.43950653076172	57.0	70.0	63.927886962890625	58.2617301940918	69.44444274902344	0.4100000262260437	
0.32975339889526367	0.2713720202445984	0.39064767956733704	0.28676918148994446	0.20519305765628815	0.3718773424625397	0.7699999809265137	
66.14388275146484	55.5731315612793	78.69110870361328	66.73280334472656	65.00289154052734	68.38287353515625	0.12999999523162842	
4487.70947265625	3767.7919921875	5371.412109375	4477.8681640625	4437.03076171875	4498.669921875	0.4700000286102295	
84.53977966308594	72.149658203125	98.50798034667969	85.12588500976562	83.94640350341797	86.23588562011719	0.0	
5.192592620849609	3.0	6.0	3.6611855030059814	2.790123462677002	5.0740742683410645	0.0899999737739563	
3.881481409072876	3.0	6.0	4.743309497833252	3.5308642387390137	7.185184955596924	0.6899999976158142
75.32117462158203	64.00685119628906	88.15365600585938	75.32125854492188	75.32118225097656	75.32118225097656	0.0	
13.746116638183594	11.156947135925293	16.39066505432129	13.746102333068848	13.746112823486328	13.746112823486328	0.0	
6.914468288421631	5.897021293640137	8.020413398742676	7.59420108795166	6.683553218841553	8.580617904663086	0.12999999523162842	
63.43950653076172	57.0	70.0	64.78634643554688	59.49382781982422	68.97283935546875	0.3100000023841858	
0.32975339889526367	0.2713720202445984	0.39064767956733704	0.27880629897117615	0.2065202295780182	0.34346818923950195	0.8899999856948853	
66.14388275146484	55.5731315612793	78.69110870361328	66.8777847290039	65.52015686035156	68.42176055908203	0.04000002145767212	
4487.70947265625	3767.7919921875	5371.412109375	4479.708984375	4451.10693359375	4500.455078125	0.4599999785423279	
84.53977966308594	72.149658203125	98.50798034667969	85.23504638671875	84.3473892211914	86.22554016113281	0.0	
5.192592620849609	3.0	6.0	3.5106418132781982	2.856790065765381	4.962963104248047	0.050000011920928955	
3.881481409072876	3.0	6.0	4.6442718505859375	3.555555582046509	6.985185146331787	0.7100000381469727	

75.32117462158203	64.00685119628906	88.15365600585938	75.32125854492188	75.32118225097656	75.32118225097656	0.0	
13.746116638183594	11.156947135925293	16.39066505432129	13.746102333068848	13.746112823486328	13.746112823486328	0.0	
6.914468288421631	5.897021293640137	8.020413398742676	7.540836334228516	6.468460559844971	8.517693519592285	0.1600000262260437	
63.43950653076172	57.0	70.0	64.31627655029297	58.87901306152344	69.42716217041016	0.2900000214576721	
0.32975339889526367	0.2713720202445984	0.39064767956733704	0.28114938735961914	0.204539492726326	0.36716338992118835	0.8600000143051147	
66.14388275146484	55.5731315612793	78.69110870361328	66.89949035644531	64.95303344726562	68.45687866210938	0.07999998331069946	
4487.70947265625	3767.7919921875	5371.412109375	4480.4296875	4460.111328125	4501.25048828125	0.49000000953674316	
84.53977966308594	72.149658203125	98.50798034667969	85.20372009277344	84.01667022705078	86.24797821044922	0.019999980926513672	
5.192592620849609	3.0	6.0	3.728245735168457	2.7703704833984375	5.209876537322998	0.07999998331069946	
3.881481409072876	3.0	6.0	4.593184947967529	3.4913580417633057	6.881481647491455	0.699999988079071	

75.32117462158203	64.00685119628906	88.15365600585938	75.32125854492188	75.32118225097656	75.32118225097656	0.0	
13.746116638183594	11.156947135925293	16.39066505432129	13.746102333068848	13.746112823486328	13.746112823486328	0.0	
6.914468288421631	5.897021293640137	8.020413398742676	7.6337571144104	6.57794189453125	8.811788558959961	0.18000000715255737	
63.43950653076172	57.0	70.0	64.81928253173828	60.2074089050293	69.58271789550781	0.26999998092651367	
0.32975339889526367	0.2713720202445984	0.39064767956733704	0.2776869535446167	0.20108000934123993	0.3707883954048157	0.8500000238418579	
66.14388275146484	55.5731315612793	78.69110870361328	66.94017791748047	65.08698272705078	68.63672637939453	0.07999998331069946	
4487.70947265625	3767.7919921875	5371.412109375	4480.529296875	4450.70654296875	4500.619140625	0.42000001668930054	
84.53977966308594	72.149658203125	98.50798034667969	85.25035095214844	83.96674346923828	86.3055191040039	0.019999980926513672	
5.192592620849609	3.0	6.0	3.698197364807129	2.841975212097168	5.249382495880127	0.10000002384185791	
3.881481409072876	3.0	6.0	4.55647087097168	3.4765431880950928	5.671605110168457	0.7200000286102295	




75.32117462158203	64.00685119628906	88.15365600585938	75.32125854492188	75.32118225097656	75.32118225097656	0.0	
13.746116638183594	11.156947135925293	16.39066505432129	13.746102333068848	13.746112823486328	13.746112823486328	0.0	
6.914468288421631	5.897021293640137	8.020413398742676	7.562220573425293	6.658998966217041	8.694243431091309	0.1600000262260437	
63.43950653076172	57.0	70.0	64.13145446777344	59.76543045043945	68.5851821899414	0.32999998331069946	
0.32975339889526367	0.2713720202445984	0.39064767956733704	0.28045713901519775	0.20349304378032684	0.34282395243644714	0.8799999952316284	
66.14388275146484	55.5731315612793	78.69110870361328	66.86295318603516	65.31414794921875	68.63086700439453	0.06000000238418579	
4487.70947265625	3767.7919921875	5371.412109375	4479.49951171875	4456.09814453125	4503.17431640625	0.4599999785423279	
84.53977966308594	72.149658203125	98.50798034667969	85.21308898925781	84.35655975341797	86.267822265625	0.019999980926513672	
5.192592620849609	3.0	6.0	3.6747887134552	2.8888888359069824	5.0716047286987305	0.0899999737739563	
3.881481409072876	3.0	6.0	4.487431526184082	3.53827166557312	5.7185187339782715	0.75
75.32117462158203	64.00685119628906	88.15365600585938	75.32125854492188	75.32118225097656	75.32118225097656	0.0	
13.746116638183594	11.156947135925293	16.39066505432129	13.746102333068848	13.746112823486328	13.746112823486328	0.0	
6.914468288421631	5.897021293640137	8.020413398742676	7.4730401039123535	6.315153121948242	8.40035629272461	0.1899999976158142	
63.43950653076172	57.0	70.0	64.05511474609375	59.046913146972656	69.45185089111328	0.36000001430511475	
0.32975339889526367	0.2713720202445984	0.39064767956733704	0.28557395935058594	0.22132161259651184	0.3685845732688904	0.8100000023841858	
66.14388275146484	55.5731315612793	78.69110870361328	66.79315185546875	65.08533477783203	68.43321228027344	0.0899999737739563	
4487.70947265625	3767.7919921875	5371.412109375	4477.666015625	4455.28466796875	4498.41845703125	0.49000000953674316	
84.53977966308594	72.149658203125	98.50798034667969	85.14215850830078	83.9999771118164	86.03092193603516	0.029999971389770508	
5.192592620849609	3.0	6.0	3.542740821838379	2.881481409072876	4.73086404800415	0.04000002145767212	
3.881481409072876	3.0	6.0	4.67563009262085	3.4395060539245605	7.323456764221191	0.6800000071525574	
75.32117462158203	64.00685119628906	88.15365600585938	75.32125854492188	75.32118225097656	75.32118225097656	0.0	
13.746116638183594	11.156947135925293	16.39066505432129	13.746102333068848	13.746112823486328	13.746112823486328	0.0	
6.914468288421631	5.897021293640137	8.020413398742676	7.488912582397461	6.542068004608154	8.689967155456543	0.20999997854232788	
63.43950653076172	57.0	70.0	64.26242065429688	59.706172943115234	69.0345687866211	0.3399999737739563	
0.32975339889526367	0.2713720202445984	0.39064767956733704	0.2845911383628845	0.2144494503736496	0.35756731033325195	0.8400000333786011	
66.14388275146484	55.5731315612793	78.69110870361328	66.83098602294922	65.3968276977539	68.37234497070312	0.050000011920928955	
4487.70947265625	3767.7919921875	5371.412109375	4479.09326171875	4452.55126953125	4497.94873046875	0.44999998807907104	
84.53977966308594	72.149658203125	98.50798034667969	85.15708923339844	84.14533233642578	86.13215637207031	0.0	
5.192592620849609	3.0	6.0	3.7179009914398193	2.7308642864227295	5.187654495239258	0.10000002384185791	
3.881481409072876	3.0	6.0	4.63486385345459	3.70864200592041	5.982716083526611	0.7699999809265137	
75.32117462158203	64.00685119628906	88.15365600585938	75.32125854492188	75.32118225097656	75.32118225097656	0.0	
13.746116638183594	11.156947135925293	16.39066505432129	13.746102333068848	13.746112823486328	13.746112823486328	0.0	
6.914468288421631	5.897021293640137	8.020413398742676	7.576042652130127	6.524462699890137	8.68211555480957	0.13999998569488525	
63.43950653076172	57.0	70.0	64.30818176269531	58.2074089050293	68.7629623413086	0.30000001192092896	
0.32975339889526367	0.2713720202445984	0.39064767956733704	0.2797739803791046	0.2035089135169983	0.35020455718040466	0.8700000047683716	
66.14388275146484	55.5731315612793	78.69110870361328	66.87667083740234	65.1630859375	68.74097442626953	0.07999998331069946	
4487.70947265625	3767.7919921875	5371.412109375	4480.2236328125	4458.56005859375	4501.06494140625	0.44999998807907104	
84.53977966308594	72.149658203125	98.50798034667969	85.22191619873047	84.24600982666016	86.2728042602539	0.0	
5.192592620849609	3.0	6.0	3.6222469806671143	2.9283950328826904	5.009876728057861	0.07999998331069946	
3.881481409072876	3.0	6.0	4.640517711639404	3.51111102104187	5.893826961517334	0.7300000190734863	
75.32117462158203	64.00685119628906	88.15365600585938	75.32125854492188	75.32118225097656	75.32118225097656	0.0	
13.746116638183594	11.156947135925293	16.39066505432129	13.746102333068848	13.746112823486328	13.746112823486328	0.0	
6.914468288421631	5.897021293640137	8.020413398742676	7.644891262054443	6.502028465270996	8.801478385925293	0.12999999523162842	
63.43950653076172	57.0	70.0	64.6480941772461	59.43703842163086	69.59012603759766	0.3100000023841858	
0.32975339889526367	0.2713720202445984	0.39064767956733704	0.27693822979927063	0.203324556350708	0.34584149718284607	0.8700000047683716	
66.14388275146484	55.5731315612793	78.69110870361328	66.96343231201172	65.5838623046875	68.47162628173828	0.04000002145767212	
4487.70947265625	3767.7919921875	5371.412109375	4480.498046875	4455.31005859375	4499.0517578125	0.4300000071525574	
84.53977966308594	72.149658203125	98.50798034667969	85.2615737915039	84.31391906738281	86.28157806396484	0.009999990463256836	
5.192592620849609	3.0	6.0	3.594024896621704	2.738271713256836	5.014814853668213	0.0899999737739563	
3.881481409072876	3.0	6.0	4.67118501663208	3.419753074645996	6.911110877990723	0.7300000190734863
75.32117462158203	64.00685119628906	88.15365600585938	75.32125854492188	75.32118225097656	75.32118225097656	0.0	
13.746116638183594	11.156947135925293	16.39066505432129	13.746102333068848	13.746112823486328	13.746112823486328	0.0	
6.914468288421631	5.897021293640137	8.020413398742676	7.548527240753174	6.555598735809326	8.583924293518066	0.2200000286102295	
63.43950653076172	57.0	70.0	64.5586166381836	59.20246887207031	69.02716064453125	0.3100000023841858	
0.32975339889526367	0.2713720202445984	0.39064767956733704	0.2796616852283478	0.21041657030582428	0.3528681695461273	0.8700000047683716	
66.14388275146484	55.5731315612793	78.69110870361328	66.86185455322266	65.30230712890625	68.43325805664062	0.06999999284744263	
4487.70947265625	3767.7919921875	5371.412109375	4482.87646484375	4459.43994140625	4502.0478515625	0.3799999952316284	
84.53977966308594	72.149658203125	98.50798034667969	85.22328186035156	84.20621490478516	86.16565704345703	0.0	
5.192592620849609	3.0	6.0	3.603013038635254	2.8320987224578857	5.054320812225342	0.10000002384185791	
3.881481409072876	3.0	6.0	4.56570291519165	3.604938268661499	6.861728191375732	0.699999988079071	


