Stat order:
	Tree size
	Internal branch size
	AI
	PS
	UniFrac
	NT (combined, distance-based)
	NR (combined, distance-based)
	PD (combined)
	MC (states 1..n)

observed mean	lower 95% CI	upper 95% CU	null mean	lower 95% CI	upper 95% CI	significance
75.32117462158203	64.00685119628906	88.15365600585938	75.32115173339844	75.32118225097656	75.32118225097656	0.0	
13.746116638183594	11.156947135925293	16.39066505432129	13.746097564697266	13.746112823486328	13.746112823486328	0.0	
6.914468288421631	5.897021293640137	8.020413398742676	7.569657802581787	6.434439659118652	8.834311485290527	0.1679999828338623	
63.43950653076172	57.0	70.0	64.43721008300781	58.97530746459961	69.21728515625	0.30800002813339233	
0.32975339889526367	0.2713720202445984	0.39064767956733704	0.2793716490268707	0.1996682584285736	0.35703223943710327	0.8400000333786011	
66.14388275146484	55.5731315612793	78.69110870361328	66.9137191772461	65.2466049194336	68.70346069335938	0.06400001049041748	
4487.70947265625	3767.7919921875	5371.412109375	4480.673828125	4456.408203125	4500.42236328125	0.43199998140335083	
84.53977966308594	72.149658203125	98.50798034667969	85.22814178466797	84.16952514648438	86.34078979492188	0.0040000081062316895	
5.192592620849609	3.0	6.0	3.654874086380005	2.7555556297302246	5.4395060539245605	0.09600001573562622	
3.881481409072876	3.0	6.0	4.553028583526611	3.53827166557312	5.804938316345215	0.7239999771118164	



75.32117462158203	64.00685119628906	88.15365600585938	75.32115173339844	75.32118225097656	75.32118225097656	0.0	
13.746116638183594	11.156947135925293	16.39066505432129	13.746097564697266	13.746112823486328	13.746112823486328	0.0	
6.914468288421631	5.897021293640137	8.020413398742676	7.626707553863525	6.538316249847412	8.71638011932373	0.13599997758865356	
63.43950653076172	57.0	70.0	64.674560546875	59.11357879638672	69.26419830322266	0.2760000228881836	
0.32975339889526367	0.2713720202445984	0.39064767956733704	0.2758254110813141	0.21084843575954437	0.3483015298843384	0.8880000114440918	
66.14388275146484	55.5731315612793	78.69110870361328	66.98945617675781	65.4349136352539	68.43859100341797	0.04400002956390381	
4487.70947265625	3767.7919921875	5371.412109375	4480.26318359375	4457.21923828125	4500.826171875	0.4399999976158142	
84.53977966308594	72.149658203125	98.50798034667969	85.27731323242188	84.29378509521484	86.17797088623047	0.0040000081062316895	
5.192592620849609	3.0	6.0	3.6172642707824707	2.8617284297943115	5.234568119049072	0.07999998331069946	
3.881481409072876	3.0	6.0	4.537234306335449	3.501234531402588	6.930864334106445	0.6599999666213989
75.32117462158203	64.00685119628906	88.15365600585938	75.32115173339844	75.32118225097656	75.32118225097656	0.0	
13.746116638183594	11.156947135925293	16.39066505432129	13.746097564697266	13.746112823486328	13.746112823486328	0.0	
6.914468288421631	5.897021293640137	8.020413398742676	7.575255870819092	6.3706560134887695	8.713104248046875	0.18800002336502075	
63.43950653076172	57.0	70.0	64.37732696533203	58.538272857666016	69.47160339355469	0.3399999737739563	
0.32975339889526367	0.2713720202445984	0.39064767956733704	0.280168741941452	0.21036814153194427	0.3603505492210388	0.843999981880188	
66.14388275146484	55.5731315612793	78.69110870361328	66.88970947265625	65.19280242919922	68.3814926147461	0.06000000238418579	
4487.70947265625	3767.7919921875	5371.412109375	4480.22216796875	4453.43017578125	4502.22021484375	0.4480000138282776	
84.53977966308594	72.149658203125	98.50798034667969	85.21694946289062	84.1500473022461	86.1873779296875	0.015999972820281982	
5.192592620849609	3.0	6.0	3.687298059463501	2.8345677852630615	5.066666603088379	0.07999998331069946	
3.881481409072876	3.0	6.0	4.643535137176514	3.4938271045684814	7.227160453796387	0.6959999799728394	

75.32117462158203	64.00685119628906	88.15365600585938	75.32115173339844	75.32118225097656	75.32118225097656	0.0	
13.746116638183594	11.156947135925293	16.39066505432129	13.746097564697266	13.746112823486328	13.746112823486328	0.0	
6.914468288421631	5.897021293640137	8.020413398742676	7.572793006896973	6.457213401794434	8.577933311462402	0.1679999828338623	
63.43950653076172	57.0	70.0	64.5054931640625	58.599998474121094	69.5629653930664	0.29600000381469727	
0.32975339889526367	0.2713720202445984	0.39064767956733704	0.28273701667785645	0.21592876315116882	0.3607332706451416	0.8600000143051147	
66.14388275146484	55.5731315612793	78.69110870361328	66.81119537353516	65.0379409790039	68.43377685546875	0.07599997520446777	
4487.70947265625	3767.7919921875	5371.412109375	4480.14501953125	4454.42724609375	4502.68212890625	0.46799999475479126	
84.53977966308594	72.149658203125	98.50798034667969	85.18157958984375	84.1568832397461	86.14435577392578	0.015999972820281982	
5.192592620849609	3.0	6.0	3.6104393005371094	2.7950618267059326	5.219753265380859	0.07200002670288086	
3.881481409072876	3.0	6.0	4.5879902839660645	3.46172833442688	6.679012298583984	0.6759999990463257	

75.32117462158203	64.00685119628906	88.15365600585938	75.32115173339844	75.32118225097656	75.32118225097656	0.0	
13.746116638183594	11.156947135925293	16.39066505432129	13.746097564697266	13.746112823486328	13.746112823486328	0.0	
6.914468288421631	5.897021293640137	8.020413398742676	7.599176406860352	6.376353740692139	8.673473358154297	0.156000018119812	
63.43950653076172	57.0	70.0	64.51116180419922	59.214813232421875	69.54814910888672	0.29600000381469727	
0.32975339889526367	0.2713720202445984	0.39064767956733704	0.2802083492279053	0.2066291868686676	0.3667948842048645	0.8639999628067017	
66.14388275146484	55.5731315612793	78.69110870361328	66.8582992553711	65.2268295288086	68.44475555419922	0.06800001859664917	
4487.70947265625	3767.7919921875	5371.412109375	4480.427734375	4452.79150390625	4500.25439453125	0.42000001668930054	
84.53977966308594	72.149658203125	98.50798034667969	85.21580505371094	84.06742095947266	86.23524475097656	0.015999972820281982	
5.192592620849609	3.0	6.0	3.642953872680664	2.814814805984497	5.237037181854248	0.09200000762939453	
3.881481409072876	3.0	6.0	4.556652069091797	3.4691357612609863	6.096296310424805	0.6759999990463257	

75.32117462158203	64.00685119628906	88.15365600585938	75.32115173339844	75.32118225097656	75.32118225097656	0.0	
13.746116638183594	11.156947135925293	16.39066505432129	13.746097564697266	13.746112823486328	13.746112823486328	0.0	
6.914468288421631	5.897021293640137	8.020413398742676	7.653680801391602	6.569839954376221	8.802166938781738	0.13200002908706665	
63.43950653076172	57.0	70.0	64.73287200927734	59.649383544921875	69.3604965209961	0.2760000228881836	
0.32975339889526367	0.2713720202445984	0.39064767956733704	0.27607324719429016	0.2044583410024643	0.3582856059074402	0.8960000276565552	
66.14388275146484	55.5731315612793	78.69110870361328	66.94298553466797	65.31362915039062	68.65876007080078	0.0559999942779541	
4487.70947265625	3767.7919921875	5371.412109375	4479.1572265625	4454.275390625	4501.31396484375	0.5	
84.53977966308594	72.149658203125	98.50798034667969	85.27272033691406	84.17156982421875	86.27620697021484	0.0040000081062316895	
5.192592620849609	3.0	6.0	3.550469160079956	2.7555556297302246	5.0	0.0559999942779541	
3.881481409072876	3.0	6.0	4.6007208824157715	3.4395060539245605	6.879012107849121	0.6840000152587891	

75.32117462158203	64.00685119628906	88.15365600585938	75.32115173339844	75.32118225097656	75.32118225097656	0.0	
13.746116638183594	11.156947135925293	16.39066505432129	13.746097564697266	13.746112823486328	13.746112823486328	0.0	
6.914468288421631	5.897021293640137	8.020413398742676	7.588674545288086	6.586494445800781	8.670103073120117	0.17599999904632568	
63.43950653076172	57.0	70.0	64.47411346435547	58.681480407714844	69.19258880615234	0.3320000171661377	
0.32975339889526367	0.2713720202445984	0.39064767956733704	0.28108978271484375	0.21270737051963806	0.35469913482666016	0.8519999980926514	
66.14388275146484	55.5731315612793	78.69110870361328	66.87506103515625	65.42298126220703	68.45887756347656	0.04400002956390381	
4487.70947265625	3767.7919921875	5371.412109375	4478.5712890625	4454.06787109375	4500.154296875	0.4959999918937683	
84.53977966308594	72.149658203125	98.50798034667969	85.20372009277344	84.19329071044922	86.16629791259766	0.0040000081062316895	
5.192592620849609	3.0	6.0	3.6545584201812744	2.82962965965271	5.3629631996154785	0.10000002384185791	
3.881481409072876	3.0	6.0	4.5346479415893555	3.4370369911193848	5.792592525482178	0.6920000314712524	
75.32117462158203	64.00685119628906	88.15365600585938	75.32115173339844	75.32118225097656	75.32118225097656	0.0	
13.746116638183594	11.156947135925293	16.39066505432129	13.746097564697266	13.746112823486328	13.746112823486328	0.0	
6.914468288421631	5.897021293640137	8.020413398742676	7.592456340789795	6.491039752960205	8.852675437927246	0.156000018119812	
63.43950653076172	57.0	70.0	64.36969757080078	59.2716064453125	69.44691467285156	0.343999981880188	
0.32975339889526367	0.2713720202445984	0.39064767956733704	0.2794554829597473	0.19283895194530487	0.355979323387146	0.8680000305175781	
66.14388275146484	55.5731315612793	78.69110870361328	66.87190246582031	65.20689392089844	68.72763061523438	0.07200002670288086	
4487.70947265625	3767.7919921875	5371.412109375	4480.5869140625	4456.14306640625	4502.69775390625	0.4359999895095825	
84.53977966308594	72.149658203125	98.50798034667969	85.22709655761719	84.2066421508789	86.42445373535156	0.015999972820281982	
5.192592620849609	3.0	6.0	3.6069536209106445	2.839506149291992	5.069135665893555	0.07999998331069946	
3.881481409072876	3.0	6.0	4.623812675476074	3.4024691581726074	7.120987892150879	0.7200000286102295	

75.32117462158203	64.00685119628906	88.15365600585938	75.32115173339844	75.32118225097656	75.32118225097656	0.0	
13.746116638183594	11.156947135925293	16.39066505432129	13.746097564697266	13.746112823486328	13.746112823486328	0.0	
6.914468288421631	5.897021293640137	8.020413398742676	7.537268161773682	6.405787467956543	8.725547790527344	0.18800002336502075	
63.43950653076172	57.0	70.0	64.41708374023438	59.44444274902344	69.1432113647461	0.3360000252723694	
0.32975339889526367	0.2713720202445984	0.39064767956733704	0.2832387387752533	0.20454326272010803	0.36423665285110474	0.828000009059906	
66.14388275146484	55.5731315612793	78.69110870361328	66.82189178466797	65.11869049072266	68.52616882324219	0.07599997520446777	
4487.70947265625	3767.7919921875	5371.412109375	4480.52294921875	4452.9375	4501.50537109375	0.4559999704360962	
84.53977966308594	72.149658203125	98.50798034667969	85.1751708984375	84.06190490722656	86.2589111328125	0.0040000081062316895	
5.192592620849609	3.0	6.0	3.6071698665618896	2.8197531700134277	5.0	0.0559999942779541	
3.881481409072876	3.0	6.0	4.535684108734131	3.4938271045684814	5.948148250579834	0.7080000042915344	
75.32117462158203	64.00685119628906	88.15365600585938	75.32115173339844	75.32118225097656	75.32118225097656	0.0	
13.746116638183594	11.156947135925293	16.39066505432129	13.746097564697266	13.746112823486328	13.746112823486328	0.0	
6.914468288421631	5.897021293640137	8.020413398742676	7.590568542480469	6.458266258239746	8.63249683380127	0.1600000262260437	
63.43950653076172	57.0	70.0	64.42725372314453	58.513580322265625	69.2913589477539	0.29600000381469727	
0.32975339889526367	0.2713720202445984	0.39064767956733704	0.27925771474838257	0.2044244259595871	0.3533417582511902	0.8519999980926514	
66.14388275146484	55.5731315612793	78.69110870361328	66.88932800292969	65.31831359863281	68.7175521850586	0.0559999942779541	
4487.70947265625	3767.7919921875	5371.412109375	4478.77490234375	4452.44873046875	4499.34521484375	0.4599999785423279	
84.53977966308594	72.149658203125	98.50798034667969	85.22896575927734	84.2218246459961	86.25619506835938	0.0040000081062316895	
5.192592620849609	3.0	6.0	3.660029649734497	2.8592593669891357	5.1259260177612305	0.07200002670288086	
3.881481409072876	3.0	6.0	4.607171058654785	3.5333333015441895	7.348148345947266	0.687999963760376	

75.32117462158203	64.00685119628906	88.15365600585938	75.32115173339844	75.32118225097656	75.32118225097656	0.0	
13.746116638183594	11.156947135925293	16.39066505432129	13.746097564697266	13.746112823486328	13.746112823486328	0.0	
6.914468288421631	5.897021293640137	8.020413398742676	7.537365436553955	6.401848793029785	8.7203369140625	0.18000000715255737	
63.43950653076172	57.0	70.0	64.41498565673828	59.570369720458984	69.55308532714844	0.30800002813339233	
0.32975339889526367	0.2713720202445984	0.39064767956733704	0.2838091254234314	0.20957635343074799	0.35376808047294617	0.843999981880188	
66.14388275146484	55.5731315612793	78.69110870361328	66.77498626708984	65.35197448730469	68.61846923828125	0.05199998617172241	
4487.70947265625	3767.7919921875	5371.412109375	4479.501953125	4453.939453125	4501.0419921875	0.48000001907348633	
84.53977966308594	72.149658203125	98.50798034667969	85.1668472290039	84.2202377319336	86.26036071777344	0.0040000081062316895	
5.192592620849609	3.0	6.0	3.6051158905029297	2.8197531700134277	5.024691581726074	0.06800001859664917	
3.881481409072876	3.0	6.0	4.652177810668945	3.5209877490997314	6.693827152252197	0.7279999852180481	


