Stat order:
	Tree size
	Internal branch size
	AI
	PS
	UniFrac
	NT (combined, distance-based)
	NR (combined, distance-based)
	PD (combined)
	MC (states 1..n)

observed mean	lower 95% CI	upper 95% CU	null mean	lower 95% CI	upper 95% CI	significance
75.32117462158203	64.00685119628906	88.15365600585938	75.32073211669922	75.32118225097656	75.32118225097656	0.0	
13.746116638183594	11.156947135925293	16.39066505432129	13.746095657348633	13.746112823486328	13.746112823486328	0.0	
6.914468288421631	5.897021293640137	8.020413398742676	7.5949249267578125	6.482755661010742	8.763680458068848	0.1600000262260437	
63.43950653076172	57.0	70.0	64.44434356689453	59.07901382446289	69.68395233154297	0.31599998474121094	
0.32975339889526367	0.2713720202445984	0.39064767956733704	0.27904102206230164	0.20340421795845032	0.35416221618652344	0.8759999871253967	
66.14388275146484	55.5731315612793	78.69110870361328	66.90464782714844	65.29837799072266	68.4423828125	0.0559999942779541	
4487.70947265625	3767.7919921875	5371.412109375	4480.0615234375	4453.5673828125	4502.40185546875	0.43800002336502075	
84.53977966308594	72.149658203125	98.50798034667969	85.23207092285156	84.20802307128906	86.27058410644531	0.0059999823570251465	
5.192592620849609	3.0	6.0	3.6491968631744385	2.7950618267059326	5.0716047286987305	0.08399999141693115	
3.881481409072876	3.0	6.0	4.545565605163574	3.48888897895813	7.148148059844971	0.6699999570846558
75.32117462158203	64.00685119628906	88.15365600585938	75.32073211669922	75.32118225097656	75.32118225097656	0.0	
13.746116638183594	11.156947135925293	16.39066505432129	13.746095657348633	13.746112823486328	13.746112823486328	0.0	
6.914468288421631	5.897021293640137	8.020413398742676	7.6386332511901855	6.517566204071045	8.710053443908691	0.15200001001358032	
63.43950653076172	57.0	70.0	64.68883514404297	59.595062255859375	69.3283920288086	0.2839999794960022	
0.32975339889526367	0.2713720202445984	0.39064767956733704	0.2775130271911621	0.20648229122161865	0.3527352511882782	0.8659999966621399	
66.14388275146484	55.5731315612793	78.69110870361328	66.94083404541016	65.41232299804688	68.50565338134766	0.041999995708465576	
4487.70947265625	3767.7919921875	5371.412109375	4481.328125	4452.96044921875	4503.5654296875	0.406000018119812	
84.53977966308594	72.149658203125	98.50798034667969	85.25350189208984	84.21600341796875	86.2359390258789	0.008000016212463379	
5.192592620849609	3.0	6.0	3.5710508823394775	2.7679011821746826	5.034567832946777	0.06400001049041748	
3.881481409072876	3.0	6.0	4.662197113037109	3.5086419582366943	7.348148345947266	0.6859999895095825
75.32117462158203	64.00685119628906	88.15365600585938	75.32073211669922	75.32118225097656	75.32118225097656	0.0	
13.746116638183594	11.156947135925293	16.39066505432129	13.746095657348633	13.746112823486328	13.746112823486328	0.0	
6.914468288421631	5.897021293640137	8.020413398742676	7.529843330383301	6.229795455932617	8.664864540100098	0.19999998807907104	
63.43950653076172	57.0	70.0	64.35334014892578	58.760494232177734	69.5308609008789	0.32200002670288086	
0.32975339889526367	0.2713720202445984	0.39064767956733704	0.28445014357566833	0.20557497441768646	0.3682863116264343	0.8339999914169312	
66.14388275146484	55.5731315612793	78.69110870361328	66.8018569946289	65.06827545166016	68.46553802490234	0.08799999952316284	
4487.70947265625	3767.7919921875	5371.412109375	4479.7041015625	4450.8427734375	4501.65966796875	0.46399998664855957	
84.53977966308594	72.149658203125	98.50798034667969	85.1576156616211	84.01785278320312	86.2498550415039	0.013999998569488525	
5.192592620849609	3.0	6.0	3.6300718784332275	2.7950618267059326	5.2049384117126465	0.06800001859664917	
3.881481409072876	3.0	6.0	4.5810866355896	3.5185184478759766	6.7432098388671875	0.6959999799728394
75.32117462158203	64.00685119628906	88.15365600585938	75.32073211669922	75.32118225097656	75.32118225097656	0.0	
13.746116638183594	11.156947135925293	16.39066505432129	13.746095657348633	13.746112823486328	13.746112823486328	0.0	
6.914468288421631	5.897021293640137	8.020413398742676	7.596162796020508	6.338213920593262	8.674941062927246	0.15799999237060547	
63.43950653076172	57.0	70.0	64.55242156982422	58.80987548828125	69.5975341796875	0.3259999752044678	
0.32975339889526367	0.2713720202445984	0.39064767956733704	0.27839893102645874	0.20544284582138062	0.36048072576522827	0.8600000143051147	
66.14388275146484	55.5731315612793	78.69110870361328	66.92288208007812	65.15534973144531	68.52735900878906	0.07400000095367432	
4487.70947265625	3767.7919921875	5371.412109375	4480.658203125	4454.43505859375	4501.59423828125	0.4440000057220459	
84.53977966308594	72.149658203125	98.50798034667969	85.24115753173828	84.10951232910156	86.2445297241211	0.009999990463256836	
5.192592620849609	3.0	6.0	3.606476068496704	2.765432119369507	5.120987892150879	0.06800001859664917	
3.881481409072876	3.0	6.0	4.520218849182129	3.471604824066162	5.911110877990723	0.6660000085830688	

75.32117462158203	64.00685119628906	88.15365600585938	75.32073211669922	75.32118225097656	75.32118225097656	0.0	
13.746116638183594	11.156947135925293	16.39066505432129	13.746095657348633	13.746112823486328	13.746112823486328	0.0	
6.914468288421631	5.897021293640137	8.020413398742676	7.583347320556641	6.387481689453125	8.696434020996094	0.17000001668930054	
63.43950653076172	57.0	70.0	64.43659210205078	58.58024597167969	69.5111083984375	0.33399999141693115	
0.32975339889526367	0.2713720202445984	0.39064767956733704	0.28038841485977173	0.2085036337375641	0.3647456467151642	0.8600000143051147	
66.14388275146484	55.5731315612793	78.69110870361328	66.86473083496094	65.14047241210938	68.41291809082031	0.07599997520446777	
4487.70947265625	3767.7919921875	5371.412109375	4480.07861328125	4452.60009765625	4500.5732421875	0.44999998807907104	
84.53977966308594	72.149658203125	98.50798034667969	85.21366119384766	84.05361938476562	86.20616149902344	0.0059999823570251465	
5.192592620849609	3.0	6.0	3.5420706272125244	2.817283868789673	5.004938125610352	0.058000028133392334	
3.881481409072876	3.0	6.0	4.6433892250061035	3.5209877490997314	7.323456764221191	0.6940000057220459	
75.32117462158203	64.00685119628906	88.15365600585938	75.32073211669922	75.32118225097656	75.32118225097656	0.0	
13.746116638183594	11.156947135925293	16.39066505432129	13.746095657348633	13.746112823486328	13.746112823486328	0.0	
6.914468288421631	5.897021293640137	8.020413398742676	7.547042369842529	6.421565055847168	8.666181564331055	0.1940000057220459	
63.43950653076172	57.0	70.0	64.21859741210938	59.116050720214844	69.47160339355469	0.3619999885559082	
0.32975339889526367	0.2713720202445984	0.39064767956733704	0.2812235951423645	0.20655032992362976	0.3615013360977173	0.843999981880188	
66.14388275146484	55.5731315612793	78.69110870361328	66.85958862304688	65.15357208251953	68.49214172363281	0.06999999284744263	
4487.70947265625	3767.7919921875	5371.412109375	4479.13720703125	4455.24267578125	4500.96533203125	0.49000000953674316	
84.53977966308594	72.149658203125	98.50798034667969	85.20272827148438	84.1084213256836	86.22674560546875	0.009999990463256836	
5.192592620849609	3.0	6.0	3.62202525138855	2.8098764419555664	5.185184955596924	0.07200002670288086	
3.881481409072876	3.0	6.0	4.610558986663818	3.5234568119049072	7.081481456756592	0.699999988079071	
75.32117462158203	64.00685119628906	88.15365600585938	75.32073211669922	75.32118225097656	75.32118225097656	0.0	
13.746116638183594	11.156947135925293	16.39066505432129	13.746095657348633	13.746112823486328	13.746112823486328	0.0	
6.914468288421631	5.897021293640137	8.020413398742676	7.588605880737305	6.3594746589660645	8.694269180297852	0.156000018119812	
63.43950653076172	57.0	70.0	64.4830551147461	59.076541900634766	69.30370330810547	0.31599998474121094	
0.32975339889526367	0.2713720202445984	0.39064767956733704	0.28063955903053284	0.20937961339950562	0.35498860478401184	0.8560000061988831	
66.14388275146484	55.5731315612793	78.69110870361328	66.85417175292969	65.1955337524414	68.4507064819336	0.06599998474121094	
4487.70947265625	3767.7919921875	5371.412109375	4479.50732421875	4451.62939453125	4500.1416015625	0.4559999704360962	
84.53977966308594	72.149658203125	98.50798034667969	85.21013641357422	84.18940734863281	86.1948013305664	0.012000024318695068	
5.192592620849609	3.0	6.0	3.5962724685668945	2.787654399871826	5.103703498840332	0.06999999284744263	
3.881481409072876	3.0	6.0	4.538424015045166	3.5185184478759766	5.955555438995361	0.671999990940094
75.32117462158203	64.00685119628906	88.15365600585938	75.32073211669922	75.32118225097656	75.32118225097656	0.0	
13.746116638183594	11.156947135925293	16.39066505432129	13.746095657348633	13.746112823486328	13.746112823486328	0.0	
6.914468288421631	5.897021293640137	8.020413398742676	7.555578231811523	6.352579593658447	8.621063232421875	0.18199998140335083	
63.43950653076172	57.0	70.0	64.28116607666016	59.034568786621094	69.53580474853516	0.36000001430511475	
0.32975339889526367	0.2713720202445984	0.39064767956733704	0.2822273075580597	0.21302439272403717	0.36341196298599243	0.8159999847412109	
66.14388275146484	55.5731315612793	78.69110870361328	66.84754180908203	65.13613891601562	68.42758178710938	0.0820000171661377	
4487.70947265625	3767.7919921875	5371.412109375	4479.43310546875	4453.02490234375	4499.8671875	0.4819999933242798	
84.53977966308594	72.149658203125	98.50798034667969	85.18860626220703	84.06489562988281	86.14640045166016	0.008000016212463379	
5.192592620849609	3.0	6.0	3.6180579662323	2.817283868789673	5.041975498199463	0.06199997663497925	
3.881481409072876	3.0	6.0	4.667976379394531	3.5432097911834717	6.918518543243408	0.7139999866485596	

75.32117462158203	64.00685119628906	88.15365600585938	75.32073211669922	75.32118225097656	75.32118225097656	0.0	
13.746116638183594	11.156947135925293	16.39066505432129	13.746095657348633	13.746112823486328	13.746112823486328	0.0	
6.914468288421631	5.897021293640137	8.020413398742676	7.598463535308838	6.421318054199219	8.745545387268066	0.171999990940094	
63.43950653076172	57.0	70.0	64.53750610351562	58.96049499511719	69.66419982910156	0.3140000104904175	
0.32975339889526367	0.2713720202445984	0.39064767956733704	0.28047701716423035	0.2005002647638321	0.36322781443595886	0.8519999980926514	
66.14388275146484	55.5731315612793	78.69110870361328	66.86113739013672	65.17440795898438	68.52284240722656	0.06599998474121094	
4487.70947265625	3767.7919921875	5371.412109375	4479.9833984375	4453.16064453125	4500.4599609375	0.44999998807907104	
84.53977966308594	72.149658203125	98.50798034667969	85.21304321289062	84.06982421875	86.3096923828125	0.019999980926513672	
5.192592620849609	3.0	6.0	3.6030828952789307	2.7925925254821777	5.155555725097656	0.06999999284744263	
3.881481409072876	3.0	6.0	4.615836143493652	3.434567928314209	7.133333206176758	0.6800000071525574
75.32117462158203	64.00685119628906	88.15365600585938	75.32073211669922	75.32118225097656	75.32118225097656	0.0	
13.746116638183594	11.156947135925293	16.39066505432129	13.746095657348633	13.746112823486328	13.746112823486328	0.0	
6.914468288421631	5.897021293640137	8.020413398742676	7.536731719970703	6.469085216522217	8.586236953735352	0.17599999904632568	
63.43950653076172	57.0	70.0	64.20842742919922	59.10617446899414	69.11605072021484	0.3479999899864197	
0.32975339889526367	0.2713720202445984	0.39064767956733704	0.2840800881385803	0.21704164147377014	0.35635870695114136	0.8339999914169312	
66.14388275146484	55.5731315612793	78.69110870361328	66.79539489746094	65.29237365722656	68.34759521484375	0.06000000238418579	
4487.70947265625	3767.7919921875	5371.412109375	4479.576171875	4452.6025390625	4500.5390625	0.4599999785423279	
84.53977966308594	72.149658203125	98.50798034667969	85.16313171386719	84.17671966552734	86.08130645751953	0.0040000081062316895	
5.192592620849609	3.0	6.0	3.6685733795166016	2.854321002960205	5.234568119049072	0.0899999737739563	
3.881481409072876	3.0	6.0	4.649997711181641	3.5456790924072266	7.2296295166015625	0.7039999961853027
75.32117462158203	64.00685119628906	88.15365600585938	75.32073211669922	75.32118225097656	75.32118225097656	0.0	
13.746116638183594	11.156947135925293	16.39066505432129	13.746095657348633	13.746112823486328	13.746112823486328	0.0	
6.914468288421631	5.897021293640137	8.020413398742676	7.610713481903076	6.344964504241943	8.780023574829102	0.15799999237060547	
63.43950653076172	57.0	70.0	64.623046875	58.90864181518555	69.26172637939453	0.27799999713897705	
0.32975339889526367	0.2713720202445984	0.39064767956733704	0.2780936360359192	0.20381562411785126	0.35692548751831055	0.8700000047683716	
66.14388275146484	55.5731315612793	78.69110870361328	66.91830444335938	65.22679138183594	68.62972259521484	0.06000000238418579	
4487.70947265625	3767.7919921875	5371.412109375	4481.4638671875	4455.7724609375	4500.54443359375	0.41200000047683716	
84.53977966308594	72.149658203125	98.50798034667969	85.24508666992188	84.1605453491211	86.2669677734375	0.012000024318695068	
5.192592620849609	3.0	6.0	3.600771188735962	2.8197531700134277	5.041975498199463	0.06400001049041748	
3.881481409072876	3.0	6.0	4.549046516418457	3.4938271045684814	6.135802268981934	0.6699999570846558	


