Stat order:
	Tree size
	Internal branch size
	AI
	PS
	UniFrac
	NT (combined, distance-based)
	NR (combined, distance-based)
	PD (combined)
	MC (states 1..n)

observed mean	lower 95% CI	upper 95% CU	null mean	lower 95% CI	upper 95% CI	significance
75.32117462158203	64.00685119628906	88.15365600585938	75.32059478759766	75.32118225097656	75.32118225097656	0.0	
13.746116638183594	11.156947135925293	16.39066505432129	13.746094703674316	13.746112823486328	13.746112823486328	0.0	
6.914468288421631	5.897021293640137	8.020413398742676	7.595941543579102	6.450918674468994	8.795489311218262	0.1679999828338623	
63.43950653076172	57.0	70.0	64.59475708007812	59.11111068725586	69.6716079711914	0.29333335161209106	
0.32975339889526367	0.2713720202445984	0.39064767956733704	0.27923721075057983	0.20623886585235596	0.3538241684436798	0.862666666507721	
66.14388275146484	55.5731315612793	78.69110870361328	66.87580871582031	65.16741943359375	68.51251220703125	0.06800001859664917	
4487.70947265625	3767.7919921875	5371.412109375	4480.6337890625	4454.9931640625	4502.083984375	0.4306666851043701	
84.53977966308594	72.149658203125	98.50798034667969	85.22988891601562	84.20936584472656	86.24481964111328	0.012000024318695068	
5.192592620849609	3.0	6.0	3.5862109661102295	2.790123462677002	5.153086185455322	0.06400001049041748	
3.881481409072876	3.0	6.0	4.605429172515869	3.4641976356506348	7.024691581726074	0.7026666402816772
75.32117462158203	64.00685119628906	88.15365600585938	75.32059478759766	75.32118225097656	75.32118225097656	0.0	
13.746116638183594	11.156947135925293	16.39066505432129	13.746094703674316	13.746112823486328	13.746112823486328	0.0	
6.914468288421631	5.897021293640137	8.020413398742676	7.614127159118652	6.455249786376953	8.725887298583984	0.14800000190734863	
63.43950653076172	57.0	70.0	64.5109634399414	59.24938201904297	69.7259292602539	0.2893333435058594	
0.32975339889526367	0.2713720202445984	0.39064767956733704	0.27778542041778564	0.20435576140880585	0.3518724739551544	0.8706666827201843	
66.14388275146484	55.5731315612793	78.69110870361328	66.9479751586914	65.29825592041016	68.57196807861328	0.05466663837432861	
4487.70947265625	3767.7919921875	5371.412109375	4479.6826171875	4453.818359375	4501.28955078125	0.45866668224334717	
84.53977966308594	72.149658203125	98.50798034667969	85.24994659423828	84.23174285888672	86.2640151977539	0.006666660308837891	
5.192592620849609	3.0	6.0	3.641099214553833	2.8246912956237793	5.187654495239258	0.07333332300186157	
3.881481409072876	3.0	6.0	4.643250465393066	3.5037035942077637	6.990123271942139	0.6959999799728394
75.32117462158203	64.00685119628906	88.15365600585938	75.32059478759766	75.32118225097656	75.32118225097656	0.0	
13.746116638183594	11.156947135925293	16.39066505432129	13.746094703674316	13.746112823486328	13.746112823486328	0.0	
6.914468288421631	5.897021293640137	8.020413398742676	7.60731840133667	6.480227470397949	8.774253845214844	0.15200001001358032	
63.43950653076172	57.0	70.0	64.47637939453125	59.266666412353516	69.58271789550781	0.3146666884422302	
0.32975339889526367	0.2713720202445984	0.39064767956733704	0.27796661853790283	0.20723667740821838	0.35519999265670776	0.8653333187103271	
66.14388275146484	55.5731315612793	78.69110870361328	66.94261932373047	65.31121063232422	68.47067260742188	0.0533333420753479	
4487.70947265625	3767.7919921875	5371.412109375	4480.9189453125	4455.05615234375	4501.3388671875	0.4266666769981384	
84.53977966308594	72.149658203125	98.50798034667969	85.24725341796875	84.19104766845703	86.23271942138672	0.013333320617675781	
5.192592620849609	3.0	6.0	3.6480624675750732	2.7925925254821777	5.2296295166015625	0.07999998331069946	
3.881481409072876	3.0	6.0	4.575229644775391	3.4962964057922363	6.65925931930542	0.6840000152587891	
75.32117462158203	64.00685119628906	88.15365600585938	75.32059478759766	75.32118225097656	75.32118225097656	0.0	
13.746116638183594	11.156947135925293	16.39066505432129	13.746094703674316	13.746112823486328	13.746112823486328	0.0	
6.914468288421631	5.897021293640137	8.020413398742676	7.596518039703369	6.357110023498535	8.652715682983398	0.15333330631256104	
63.43950653076172	57.0	70.0	64.5887222290039	59.004940032958984	69.44444274902344	0.30000001192092896	
0.32975339889526367	0.2713720202445984	0.39064767956733704	0.27869924902915955	0.20814527571201324	0.3625631332397461	0.8693333268165588	
66.14388275146484	55.5731315612793	78.69110870361328	66.90369415283203	65.15042877197266	68.50125122070312	0.07333332300186157	
4487.70947265625	3767.7919921875	5371.412109375	4480.025390625	4454.1083984375	4500.2041015625	0.4413333535194397	
84.53977966308594	72.149658203125	98.50798034667969	85.23677825927734	84.0957260131836	86.21206665039062	0.012000024318695068	
5.192592620849609	3.0	6.0	3.595144510269165	2.7925925254821777	5.059259414672852	0.06800001859664917	
3.881481409072876	3.0	6.0	4.575785160064697	3.4962964057922363	6.871604919433594	0.687999963760376	

75.32117462158203	64.00685119628906	88.15365600585938	75.32059478759766	75.32118225097656	75.32118225097656	0.0	
13.746116638183594	11.156947135925293	16.39066505432129	13.746094703674316	13.746112823486328	13.746112823486328	0.0	
6.914468288421631	5.897021293640137	8.020413398742676	7.570840358734131	6.463337421417236	8.703463554382324	0.15066665410995483	
63.43950653076172	57.0	70.0	64.40048217773438	59.019752502441406	69.34320831298828	0.31066668033599854	
0.32975339889526367	0.2713720202445984	0.39064767956733704	0.2813287079334259	0.20978131890296936	0.35347941517829895	0.862666666507721	
66.14388275146484	55.5731315612793	78.69110870361328	66.84986114501953	65.34717559814453	68.44017028808594	0.04799997806549072	
4487.70947265625	3767.7919921875	5371.412109375	4479.86083984375	4455.8056640625	4500.07666015625	0.46799999475479126	
84.53977966308594	72.149658203125	98.50798034667969	85.20098114013672	84.24285125732422	86.18260955810547	0.006666660308837891	
5.192592620849609	3.0	6.0	3.6348118782043457	2.7975308895111084	5.187654495239258	0.07466667890548706	
3.881481409072876	3.0	6.0	4.622318267822266	3.550617218017578	6.814815044403076	0.7080000042915344
75.32117462158203	64.00685119628906	88.15365600585938	75.32059478759766	75.32118225097656	75.32118225097656	0.0	
13.746116638183594	11.156947135925293	16.39066505432129	13.746094703674316	13.746112823486328	13.746112823486328	0.0	
6.914468288421631	5.897021293640137	8.020413398742676	7.582200527191162	6.456144332885742	8.772178649902344	0.17066669464111328	
63.43950653076172	57.0	70.0	64.53697204589844	59.19259262084961	69.34320831298828	0.3199999928474426	
0.32975339889526367	0.2713720202445984	0.39064767956733704	0.28043293952941895	0.2066383808851242	0.35844936966896057	0.8506666421890259	
66.14388275146484	55.5731315612793	78.69110870361328	66.88008880615234	65.21147155761719	68.51048278808594	0.06400001049041748	
4487.70947265625	3767.7919921875	5371.412109375	4479.44580078125	4454.94921875	4500.77392578125	0.48533332347869873	
84.53977966308594	72.149658203125	98.50798034667969	85.2132797241211	84.1479263305664	86.23929595947266	0.006666660308837891	
5.192592620849609	3.0	6.0	3.586385726928711	2.8098764419555664	5.192592620849609	0.07599997520446777	
3.881481409072876	3.0	6.0	4.577267646789551	3.5333333015441895	6.73580265045166	0.7093333005905151
75.32117462158203	64.00685119628906	88.15365600585938	75.32059478759766	75.32118225097656	75.32118225097656	0.0	
13.746116638183594	11.156947135925293	16.39066505432129	13.746094703674316	13.746112823486328	13.746112823486328	0.0	
6.914468288421631	5.897021293640137	8.020413398742676	7.547181129455566	6.4180073738098145	8.692487716674805	0.18000000715255737	
63.43950653076172	57.0	70.0	64.3284683227539	58.52098846435547	69.57777404785156	0.3213333487510681	
0.32975339889526367	0.2713720202445984	0.39064767956733704	0.28335925936698914	0.20775915682315826	0.36332446336746216	0.8346666693687439	
66.14388275146484	55.5731315612793	78.69110870361328	66.79581451416016	65.13074493408203	68.40691375732422	0.06666666269302368	
4487.70947265625	3767.7919921875	5371.412109375	4479.0859375	4449.43994140625	4500.60107421875	0.4413333535194397	
84.53977966308594	72.149658203125	98.50798034667969	85.17280578613281	84.08480834960938	86.22635650634766	0.006666660308837891	
5.192592620849609	3.0	6.0	3.6293091773986816	2.82962965965271	5.172839641571045	0.08266669511795044	
3.881481409072876	3.0	6.0	4.653558731079102	3.4938271045684814	7.145678997039795	0.6746666431427002
75.32117462158203	64.00685119628906	88.15365600585938	75.32059478759766	75.32118225097656	75.32118225097656	0.0	
13.746116638183594	11.156947135925293	16.39066505432129	13.746094703674316	13.746112823486328	13.746112823486328	0.0	
6.914468288421631	5.897021293640137	8.020413398742676	7.563198089599609	6.5252766609191895	8.689257621765137	0.16133332252502441	
63.43950653076172	57.0	70.0	64.47273254394531	59.264198303222656	69.53580474853516	0.30133330821990967	
0.32975339889526367	0.2713720202445984	0.39064767956733704	0.28088444471359253	0.20737630128860474	0.3539561629295349	0.8733333349227905	
66.14388275146484	55.5731315612793	78.69110870361328	66.85639953613281	65.25765228271484	68.4714126586914	0.06000000238418579	
4487.70947265625	3767.7919921875	5371.412109375	4480.7841796875	4453.443359375	4501.10205078125	0.4399999976158142	
84.53977966308594	72.149658203125	98.50798034667969	85.20697784423828	84.20011901855469	86.24214172363281	0.008000016212463379	
5.192592620849609	3.0	6.0	3.6264078617095947	2.7975308895111084	5.044444561004639	0.06800001859664917	
3.881481409072876	3.0	6.0	4.57320499420166	3.4691357612609863	6.940740585327148	0.6826666593551636
75.32117462158203	64.00685119628906	88.15365600585938	75.32059478759766	75.32118225097656	75.32118225097656	0.0	
13.746116638183594	11.156947135925293	16.39066505432129	13.746094703674316	13.746112823486328	13.746112823486328	0.0	
6.914468288421631	5.897021293640137	8.020413398742676	7.564255714416504	6.476905345916748	8.702923774719238	0.18266665935516357	
63.43950653076172	57.0	70.0	64.42024993896484	59.11111068725586	69.41975402832031	0.31866663694381714	
0.32975339889526367	0.2713720202445984	0.39064767956733704	0.2815777063369751	0.20923927426338196	0.35494548082351685	0.8479999899864197	
66.14388275146484	55.5731315612793	78.69110870361328	66.85746765136719	65.25780487060547	68.52313995361328	0.0653333067893982	
4487.70947265625	3767.7919921875	5371.412109375	4480.4130859375	4454.91845703125	4501.7822265625	0.4426666498184204	
84.53977966308594	72.149658203125	98.50798034667969	85.1973876953125	84.19264221191406	86.1933364868164	0.006666660308837891	
5.192592620849609	3.0	6.0	3.6334123611450195	2.787654399871826	5.093827247619629	0.06666666269302368	
3.881481409072876	3.0	6.0	4.650597095489502	3.528395175933838	7.328394889831543	0.7200000286102295
75.32117462158203	64.00685119628906	88.15365600585938	75.32059478759766	75.32118225097656	75.32118225097656	0.0	
13.746116638183594	11.156947135925293	16.39066505432129	13.746094703674316	13.746112823486328	13.746112823486328	0.0	
6.914468288421631	5.897021293640137	8.020413398742676	7.581086158752441	6.486993789672852	8.725495338439941	0.15200001001358032	
63.43950653076172	57.0	70.0	64.49932861328125	58.839508056640625	69.44937896728516	0.2853333353996277	
0.32975339889526367	0.2713720202445984	0.39064767956733704	0.28187376260757446	0.2083112895488739	0.359997034072876	0.8560000061988831	
66.14388275146484	55.5731315612793	78.69110870361328	66.83694458007812	65.24446105957031	68.48641967773438	0.06400001049041748	
4487.70947265625	3767.7919921875	5371.412109375	4479.6259765625	4450.4296875	4501.48388671875	0.4493333101272583	
84.53977966308594	72.149658203125	98.50798034667969	85.19336700439453	84.11805725097656	86.20882415771484	0.013333320617675781	
5.192592620849609	3.0	6.0	3.6109700202941895	2.7950618267059326	5.207407474517822	0.07066667079925537	
3.881481409072876	3.0	6.0	4.635967254638672	3.4938271045684814	7.145678997039795	0.690666675567627
75.32117462158203	64.00685119628906	88.15365600585938	75.32059478759766	75.32118225097656	75.32118225097656	0.0	
13.746116638183594	11.156947135925293	16.39066505432129	13.746094703674316	13.746112823486328	13.746112823486328	0.0	
6.914468288421631	5.897021293640137	8.020413398742676	7.533843040466309	6.390125751495361	8.6897554397583	0.19333332777023315	
63.43950653076172	57.0	70.0	64.35231018066406	58.925926208496094	69.5111083984375	0.3306666612625122	
0.32975339889526367	0.2713720202445984	0.39064767956733704	0.2831062078475952	0.20712187886238098	0.36100658774375916	0.8453333377838135	
66.14388275146484	55.5731315612793	78.69110870361328	66.81121063232422	65.24717712402344	68.51962280273438	0.06666666269302368	
4487.70947265625	3767.7919921875	5371.412109375	4479.8525390625	4452.98095703125	4500.8701171875	0.46266669034957886	
84.53977966308594	72.149658203125	98.50798034667969	85.17631530761719	84.11418914794922	86.23223114013672	0.005333304405212402	
5.192592620849609	3.0	6.0	3.61887526512146	2.790123462677002	5.128395080566406	0.07066667079925537	
3.881481409072876	3.0	6.0	4.661435604095459	3.4814815521240234	7.088889122009277	0.7066667079925537
75.32117462158203	64.00685119628906	88.15365600585938	75.32059478759766	75.32118225097656	75.32118225097656	0.0	
13.746116638183594	11.156947135925293	16.39066505432129	13.746094703674316	13.746112823486328	13.746112823486328	0.0	
6.914468288421631	5.897021293640137	8.020413398742676	7.622406482696533	6.482905864715576	8.703168869018555	0.14266663789749146	
63.43950653076172	57.0	70.0	64.61913299560547	59.404937744140625	69.5654296875	0.2786666750907898	
0.32975339889526367	0.2713720202445984	0.39064767956733704	0.27809256315231323	0.20208963751792908	0.35794371366500854	0.862666666507721	
66.14388275146484	55.5731315612793	78.69110870361328	66.91808319091797	65.208740234375	68.59272766113281	0.0586666464805603	
4487.70947265625	3767.7919921875	5371.412109375	4478.9990234375	4453.22265625	4499.46533203125	0.48533332347869873	
84.53977966308594	72.149658203125	98.50798034667969	85.24536895751953	84.13807678222656	86.29300689697266	0.008000016212463379	
5.192592620849609	3.0	6.0	3.563732385635376	2.762963056564331	5.024691581726074	0.0559999942779541	
3.881481409072876	3.0	6.0	4.593374252319336	3.5209877490997314	7.064197540283203	0.6893333196640015
75.32117462158203	64.00685119628906	88.15365600585938	75.32059478759766	75.32118225097656	75.32118225097656	0.0	
13.746116638183594	11.156947135925293	16.39066505432129	13.746094703674316	13.746112823486328	13.746112823486328	0.0	
6.914468288421631	5.897021293640137	8.020413398742676	7.600952625274658	6.483628273010254	8.722442626953125	0.15333330631256104	
63.43950653076172	57.0	70.0	64.55584716796875	59.128395080566406	69.29629516601562	0.29600000381469727	
0.32975339889526367	0.2713720202445984	0.39064767956733704	0.27878856658935547	0.2059568166732788	0.3564304709434509	0.8519999980926514	
66.14388275146484	55.5731315612793	78.69110870361328	66.91377258300781	65.30878448486328	68.44873809814453	0.0559999942779541	
4487.70947265625	3767.7919921875	5371.412109375	4480.4794921875	4454.1689453125	4500.9609375	0.4480000138282776	
84.53977966308594	72.149658203125	98.50798034667969	85.23626708984375	84.16776275634766	86.26092529296875	0.002666652202606201	
5.192592620849609	3.0	6.0	3.602836847305298	2.7703704833984375	5.056790351867676	0.06800001859664917	
3.881481409072876	3.0	6.0	4.642899513244629	3.516049385070801	7.316049575805664	0.687999963760376
75.32117462158203	64.00685119628906	88.15365600585938	75.32059478759766	75.32118225097656	75.32118225097656	0.0	
13.746116638183594	11.156947135925293	16.39066505432129	13.746094703674316	13.746112823486328	13.746112823486328	0.0	
6.914468288421631	5.897021293640137	8.020413398742676	7.596363067626953	6.438514709472656	8.6803617477417	0.1653333306312561	
63.43950653076172	57.0	70.0	64.543212890625	59.07160568237305	69.35308837890625	0.30533331632614136	
0.32975339889526367	0.2713720202445984	0.39064767956733704	0.28079548478126526	0.20936062932014465	0.35776254534721375	0.8666666746139526	
66.14388275146484	55.5731315612793	78.69110870361328	66.85984802246094	65.2574234008789	68.39974975585938	0.05733335018157959	
4487.70947265625	3767.7919921875	5371.412109375	4480.63671875	4455.23486328125	4501.3828125	0.4359999895095825	
84.53977966308594	72.149658203125	98.50798034667969	85.20817565917969	84.14942932128906	86.19676208496094	0.005333304405212402	
5.192592620849609	3.0	6.0	3.6042070388793945	2.8197531700134277	5.007407188415527	0.05466663837432861	
3.881481409072876	3.0	6.0	4.586851119995117	3.5086419582366943	6.9530863761901855	0.6813333034515381
75.32117462158203	64.00685119628906	88.15365600585938	75.32059478759766	75.32118225097656	75.32118225097656	0.0	
13.746116638183594	11.156947135925293	16.39066505432129	13.746094703674316	13.746112823486328	13.746112823486328	0.0	
6.914468288421631	5.897021293640137	8.020413398742676	7.598110198974609	6.394209861755371	8.788657188415527	0.17866665124893188	
63.43950653076172	57.0	70.0	64.53927612304688	58.58024597167969	69.6395034790039	0.3146666884422302	
0.32975339889526367	0.2713720202445984	0.39064767956733704	0.28043630719184875	0.20130982995033264	0.35689598321914673	0.846666693687439	
66.14388275146484	55.5731315612793	78.69110870361328	66.85169219970703	65.24886322021484	68.6470947265625	0.07066667079925537	
4487.70947265625	3767.7919921875	5371.412109375	4479.53857421875	4450.6025390625	4500.66162109375	0.4399999976158142	
84.53977966308594	72.149658203125	98.50798034667969	85.21311950683594	84.1605453491211	86.3193130493164	0.01066666841506958	
5.192592620849609	3.0	6.0	3.622574806213379	2.802469253540039	5.212345600128174	0.08399999141693115	
3.881481409072876	3.0	6.0	4.5966105461120605	3.5234568119049072	6.851851940155029	0.6866666674613953	


