Stat order:
	Tree size
	Internal branch size
	AI
	PS
	UniFrac
	NT (combined, distance-based)
	NR (combined, distance-based)
	PD (combined)
	MC (states 1..n)

observed mean	lower 95% CI	upper 95% CU	null mean	lower 95% CI	upper 95% CI	significance
75.32117462158203	64.00685119628906	88.15365600585938	75.32052612304688	75.32118225097656	75.32118225097656	0.0	
13.746116638183594	11.156947135925293	16.39066505432129	13.746094703674316	13.746112823486328	13.746112823486328	0.0	
6.914468288421631	5.897021293640137	8.020413398742676	7.583263397216797	6.422307968139648	8.735140800476074	0.171999990940094	
63.43950653076172	57.0	70.0	64.4741439819336	59.429630279541016	69.5456771850586	0.3149999976158142	
0.32975339889526367	0.2713720202445984	0.39064767956733704	0.27900150418281555	0.20420539379119873	0.3558211326599121	0.8610000014305115	
66.14388275146484	55.5731315612793	78.69110870361328	66.9075927734375	65.218994140625	68.55958557128906	0.06099998950958252	
4487.70947265625	3767.7919921875	5371.412109375	4479.41748046875	4453.21484375	4500.7802734375	0.4700000286102295	
84.53977966308594	72.149658203125	98.50798034667969	85.23314666748047	84.17813110351562	86.26306915283203	0.00700002908706665	
5.192592620849609	3.0	6.0	3.5937790870666504	2.787654399871826	5.056790351867676	0.06599998474121094	
3.881481409072876	3.0	6.0	4.600964069366455	3.471604824066162	6.644444465637207	0.6959999799728394
75.32117462158203	64.00685119628906	88.15365600585938	75.32052612304688	75.32118225097656	75.32118225097656	0.0	
13.746116638183594	11.156947135925293	16.39066505432129	13.746094703674316	13.746112823486328	13.746112823486328	0.0	
6.914468288421631	5.897021293640137	8.020413398742676	7.590832233428955	6.45585823059082	8.785202980041504	0.1809999942779541	
63.43950653076172	57.0	70.0	64.51077270507812	59.10617446899414	69.80000305175781	0.31199997663497925	
0.32975339889526367	0.2713720202445984	0.39064767956733704	0.28010717034339905	0.20323920249938965	0.3566506505012512	0.8519999980926514	
66.14388275146484	55.5731315612793	78.69110870361328	66.87556457519531	65.21719360351562	68.53689575195312	0.07300001382827759	
4487.70947265625	3767.7919921875	5371.412109375	4479.998046875	4453.83349609375	4501.44775390625	0.4509999752044678	
84.53977966308594	72.149658203125	98.50798034667969	85.21769714355469	84.16376495361328	86.2845687866211	0.009999990463256836	
5.192592620849609	3.0	6.0	3.6020398139953613	2.799999952316284	5.192592620849609	0.0690000057220459	
3.881481409072876	3.0	6.0	4.641160011291504	3.4691357612609863	6.903703689575195	0.7120000123977661	
75.32117462158203	64.00685119628906	88.15365600585938	75.32052612304688	75.32118225097656	75.32118225097656	0.0	
13.746116638183594	11.156947135925293	16.39066505432129	13.746094703674316	13.746112823486328	13.746112823486328	0.0	
6.914468288421631	5.897021293640137	8.020413398742676	7.555121898651123	6.366290092468262	8.72541618347168	0.18699997663497925	
63.43950653076172	57.0	70.0	64.39299774169922	59.0444450378418	69.26913452148438	0.31199997663497925	
0.32975339889526367	0.2713720202445984	0.39064767956733704	0.2810816168785095	0.20244593918323517	0.3602149486541748	0.847000002861023	
66.14388275146484	55.5731315612793	78.69110870361328	66.85919952392578	65.10887145996094	68.57234191894531	0.07300001382827759	
4487.70947265625	3767.7919921875	5371.412109375	4480.013671875	4453.5927734375	4500.74169921875	0.4559999704360962	
84.53977966308594	72.149658203125	98.50798034667969	85.20469665527344	84.1174545288086	86.29077911376953	0.012000024318695068	
5.192592620849609	3.0	6.0	3.643984794616699	2.856790065765381	5.199999809265137	0.07999998331069946	
3.881481409072876	3.0	6.0	4.579655170440674	3.483950614929199	6.6641974449157715	0.6690000295639038	

75.32117462158203	64.00685119628906	88.15365600585938	75.32052612304688	75.32118225097656	75.32118225097656	0.0	
13.746116638183594	11.156947135925293	16.39066505432129	13.746094703674316	13.746112823486328	13.746112823486328	0.0	
6.914468288421631	5.897021293640137	8.020413398742676	7.579991340637207	6.485492706298828	8.691046714782715	0.16200000047683716	
63.43950653076172	57.0	70.0	64.47978210449219	59.034568786621094	69.42716217041016	0.2990000247955322	
0.32975339889526367	0.2713720202445984	0.39064767956733704	0.2797444462776184	0.20514680445194244	0.3546309471130371	0.8619999885559082	
66.14388275146484	55.5731315612793	78.69110870361328	66.86383819580078	65.2413558959961	68.50948333740234	0.06099998950958252	
4487.70947265625	3767.7919921875	5371.412109375	4480.38134765625	4453.01318359375	4502.0068359375	0.43800002336502075	
84.53977966308594	72.149658203125	98.50798034667969	85.22262573242188	84.18739318847656	86.2475814819336	0.009999990463256836	
5.192592620849609	3.0	6.0	3.578840732574463	2.787654399871826	5.02222204208374	0.05500000715255737	
3.881481409072876	3.0	6.0	4.556077003479004	3.5358023643493652	6.679012298583984	0.6809999942779541
75.32117462158203	64.00685119628906	88.15365600585938	75.32052612304688	75.32118225097656	75.32118225097656	0.0	
13.746116638183594	11.156947135925293	16.39066505432129	13.746094703674316	13.746112823486328	13.746112823486328	0.0	
6.914468288421631	5.897021293640137	8.020413398742676	7.561412811279297	6.413451671600342	8.672286987304688	0.1679999828338623	
63.43950653076172	57.0	70.0	64.36212921142578	59.130863189697266	69.22715759277344	0.31599998474121094	
0.32975339889526367	0.2713720202445984	0.39064767956733704	0.28141888976097107	0.20956476032733917	0.3579097092151642	0.8560000061988831	
66.14388275146484	55.5731315612793	78.69110870361328	66.8442153930664	65.2385025024414	68.38774108886719	0.06199997663497925	
4487.70947265625	3767.7919921875	5371.412109375	4479.984375	4453.23291015625	4501.59619140625	0.47699999809265137	
84.53977966308594	72.149658203125	98.50798034667969	85.19977569580078	84.14228057861328	86.19122314453125	0.013999998569488525	
5.192592620849609	3.0	6.0	3.6193912029266357	2.7851850986480713	5.093827247619629	0.06300002336502075	
3.881481409072876	3.0	6.0	4.6019368171691895	3.48888897895813	6.7160491943359375	0.7020000219345093
75.32117462158203	64.00685119628906	88.15365600585938	75.32052612304688	75.32118225097656	75.32118225097656	0.0	
13.746116638183594	11.156947135925293	16.39066505432129	13.746094703674316	13.746112823486328	13.746112823486328	0.0	
6.914468288421631	5.897021293640137	8.020413398742676	7.59002685546875	6.488162517547607	8.75924015045166	0.15399998426437378	
63.43950653076172	57.0	70.0	64.519287109375	59.266666412353516	69.85926055908203	0.3059999942779541	
0.32975339889526367	0.2713720202445984	0.39064767956733704	0.2788223922252655	0.20576325058937073	0.35483667254447937	0.8680000305175781	
66.14388275146484	55.5731315612793	78.69110870361328	66.90274047851562	65.32575988769531	68.51543426513672	0.050999999046325684	
4487.70947265625	3767.7919921875	5371.412109375	4480.3310546875	4452.28125	4501.87744140625	0.43400001525878906	
84.53977966308594	72.149658203125	98.50798034667969	85.23558044433594	84.19190979003906	86.2473373413086	0.004999995231628418	
5.192592620849609	3.0	6.0	3.582502603530884	2.7950618267059326	5.192592620849609	0.07400000095367432	
3.881481409072876	3.0	6.0	4.551707744598389	3.5037035942077637	6.528395175933838	0.6859999895095825
75.32117462158203	64.00685119628906	88.15365600585938	75.32052612304688	75.32118225097656	75.32118225097656	0.0	
13.746116638183594	11.156947135925293	16.39066505432129	13.746094703674316	13.746112823486328	13.746112823486328	0.0	
6.914468288421631	5.897021293640137	8.020413398742676	7.582110404968262	6.429254531860352	8.726310729980469	0.1679999828338623	
63.43950653076172	57.0	70.0	64.49600982666016	59.19012451171875	69.75555419921875	0.3009999990463257	
0.32975339889526367	0.2713720202445984	0.39064767956733704	0.28012827038764954	0.2059224396944046	0.35979968309402466	0.8519999980926514	
66.14388275146484	55.5731315612793	78.69110870361328	66.87588500976562	65.16437530517578	68.5017318725586	0.06599998474121094	
4487.70947265625	3767.7919921875	5371.412109375	4480.041015625	4453.1611328125	4501.44970703125	0.44999998807907104	
84.53977966308594	72.149658203125	98.50798034667969	85.21776580810547	84.12307739257812	86.23875427246094	0.010999977588653564	
5.192592620849609	3.0	6.0	3.601783037185669	2.814814805984497	5.2296295166015625	0.078000009059906	
3.881481409072876	3.0	6.0	4.608575344085693	3.516049385070801	6.5604939460754395	0.6940000057220459
75.32117462158203	64.00685119628906	88.15365600585938	75.32052612304688	75.32118225097656	75.32118225097656	0.0	
13.746116638183594	11.156947135925293	16.39066505432129	13.746094703674316	13.746112823486328	13.746112823486328	0.0	
6.914468288421631	5.897021293640137	8.020413398742676	7.610454082489014	6.453409671783447	8.715173721313477	0.16500002145767212	
63.43950653076172	57.0	70.0	64.50676727294922	59.143211364746094	69.50123596191406	0.30000001192092896	
0.32975339889526367	0.2713720202445984	0.39064767956733704	0.27949652075767517	0.20683172345161438	0.3556889295578003	0.8639999628067017	
66.14388275146484	55.5731315612793	78.69110870361328	66.89456176757812	65.2326889038086	68.42864990234375	0.05900001525878906	
4487.70947265625	3767.7919921875	5371.412109375	4479.95068359375	4452.63037109375	4500.57080078125	0.45399999618530273	
84.53977966308594	72.149658203125	98.50798034667969	85.22611999511719	84.17935943603516	86.22587585449219	0.009000003337860107	
5.192592620849609	3.0	6.0	3.6339292526245117	2.8123457431793213	5.165431976318359	0.08399999141693115	
3.881481409072876	3.0	6.0	4.635377407073975	3.513580322265625	6.864197731018066	0.6959999799728394
75.32117462158203	64.00685119628906	88.15365600585938	75.32052612304688	75.32118225097656	75.32118225097656	0.0	
13.746116638183594	11.156947135925293	16.39066505432129	13.746094703674316	13.746112823486328	13.746112823486328	0.0	
6.914468288421631	5.897021293640137	8.020413398742676	7.582333564758301	6.3960442543029785	8.739617347717285	0.17000001668930054	
63.43950653076172	57.0	70.0	64.39681243896484	58.83456802368164	69.543212890625	0.3190000057220459	
0.32975339889526367	0.2713720202445984	0.39064767956733704	0.28036394715309143	0.20489093661308289	0.3591229021549225	0.8600000143051147	
66.14388275146484	55.5731315612793	78.69110870361328	66.87155151367188	65.20277404785156	68.46939849853516	0.06599998474121094	
4487.70947265625	3767.7919921875	5371.412109375	4480.2626953125	4454.4921875	4500.0986328125	0.4309999942779541	
84.53977966308594	72.149658203125	98.50798034667969	85.21448516845703	84.13813018798828	86.25214385986328	0.012000024318695068	
5.192592620849609	3.0	6.0	3.6397953033447266	2.814814805984497	5.212345600128174	0.08300000429153442	
3.881481409072876	3.0	6.0	4.604495048522949	3.4543209075927734	6.775308609008789	0.687000036239624
75.32117462158203	64.00685119628906	88.15365600585938	75.32052612304688	75.32118225097656	75.32118225097656	0.0	
13.746116638183594	11.156947135925293	16.39066505432129	13.746094703674316	13.746112823486328	13.746112823486328	0.0	
6.914468288421631	5.897021293640137	8.020413398742676	7.545555591583252	6.346168041229248	8.712966918945312	0.1850000023841858	
63.43950653076172	57.0	70.0	64.31085968017578	59.03950500488281	69.456787109375	0.3460000157356262	
0.32975339889526367	0.2713720202445984	0.39064767956733704	0.28168022632598877	0.20237763226032257	0.36179789900779724	0.8450000286102295	
66.14388275146484	55.5731315612793	78.69110870361328	66.85100555419922	65.1457290649414	68.62132263183594	0.07700002193450928	
4487.70947265625	3767.7919921875	5371.412109375	4480.09619140625	4456.37646484375	4499.46533203125	0.453000009059906	
84.53977966308594	72.149658203125	98.50798034667969	85.19622802734375	84.09203338623047	86.29202270507812	0.0059999823570251465	
5.192592620849609	3.0	6.0	3.6285581588745117	2.787654399871826	5.0740742683410645	0.07099997997283936	
3.881481409072876	3.0	6.0	4.592808723449707	3.498765468597412	6.967901229858398	0.6959999799728394
75.32117462158203	64.00685119628906	88.15365600585938	75.32052612304688	75.32118225097656	75.32118225097656	0.0	
13.746116638183594	11.156947135925293	16.39066505432129	13.746094703674316	13.746112823486328	13.746112823486328	0.0	
6.914468288421631	5.897021293640137	8.020413398742676	7.600176811218262	6.366918087005615	8.751225471496582	0.1809999942779541	
63.43950653076172	57.0	70.0	64.5589828491211	59.0098762512207	69.75308990478516	0.30299997329711914	
0.32975339889526367	0.2713720202445984	0.39064767956733704	0.2792291045188904	0.20423804223537445	0.3634447753429413	0.8460000157356262	
66.14388275146484	55.5731315612793	78.69110870361328	66.89244842529297	65.08977508544922	68.57108306884766	0.078000009059906	
4487.70947265625	3767.7919921875	5371.412109375	4480.83984375	4456.86181640625	4501.693359375	0.44599997997283936	
84.53977966308594	72.149658203125	98.50798034667969	85.22962951660156	84.07734680175781	86.26605224609375	0.013000011444091797	
5.192592620849609	3.0	6.0	3.63960599899292	2.790123462677002	5.219753265380859	0.0820000171661377	
3.881481409072876	3.0	6.0	4.602685451507568	3.48888897895813	7.091358184814453	0.671999990940094
75.32117462158203	64.00685119628906	88.15365600585938	75.32052612304688	75.32118225097656	75.32118225097656	0.0	
13.746116638183594	11.156947135925293	16.39066505432129	13.746094703674316	13.746112823486328	13.746112823486328	0.0	
6.914468288421631	5.897021293640137	8.020413398742676	7.62025785446167	6.438881874084473	8.677075386047363	0.15399998426437378	
63.43950653076172	57.0	70.0	64.51705932617188	59.02716064453125	69.4000015258789	0.30400002002716064	
0.32975339889526367	0.2713720202445984	0.39064767956733704	0.27753889560699463	0.20709799230098724	0.35428881645202637	0.8809999823570251	
66.14388275146484	55.5731315612793	78.69110870361328	66.95049285888672	65.35753631591797	68.53606414794922	0.04900002479553223	
4487.70947265625	3767.7919921875	5371.412109375	4479.30078125	4453.04833984375	4501.42822265625	0.47699999809265137	
84.53977966308594	72.149658203125	98.50798034667969	85.25320434570312	84.19374084472656	86.222412109375	0.009000003337860107	
5.192592620849609	3.0	6.0	3.6289546489715576	2.827160596847534	5.187654495239258	0.08700001239776611	
3.881481409072876	3.0	6.0	4.576505661010742	3.498765468597412	6.661728382110596	0.6729999780654907	


