10
7.55307436	0.178908701
13.74611092	1.68587E-07	
3.614765406	0.151795146
4.797827339	0.3025132
4473.686035	4.7453983
66.7321991	0.172402393
85.16684723	0.143538648
63.92765274	0.6530844
75.32117462	0
0.283747333	0.010476944
20
7.550233516	0.155024274
13.74611092	0
4.707087517	0.273907852
3.642665592	0.1902122
4479.013139	4.356277805
66.80538836	0.202583795
85.1616523	0.14544294
64.3287598	0.789088095
75.32117462	0
0.284157998	0.010543399
25
7.58444523	0.151226684
13.74611282	0
3.632130607	0.169878667
4.623149349	0.219835758
4479.633427	2.911866851
66.90456981	0.200116512
85.22319818	0.135962483
64.35268808	0.689901202
75.32117462	0
0.279707922	0.009867968
30
7.620891677	0.106945159
13.74611473	0
4.547832701	0.126217025
3.596767227	0.119823141
4480.731228	2.517136567
66.93502553	0.158584314
85.24865341	0.105505591
64.60095172	0.440464366
75.32118225	0
0.277864297	0.007665437
50
7.573221098	0.102930227
13.74610832	2.90608E-06
3.596489299	0.108094631
4.613239527	0.14822502
4480.462558	2.021990971
66.85264622	0.14296424
85.20555149	0.091804242
64.50262018	0.482159743
75.32123496	7.67467E-06
0.280986939	0.006683702
75
7.565798561	0.055149393
13.74610519	0
3.625651469	0.112721796
4.622862697	0.100260627
4479.300985	1.848277965
66.85999966	0.082187822
85.20035076	0.055603115
64.35300859	0.323063928
75.32124329	0
0.281377883	0.004029856
100
7.571876498	0.048695745
13.74610233	2.38419E-07
3.626843691	0.072914792
4.588251394	0.079446359
4480.110179	1.34123257
66.86880762	0.074632474
85.20834799	0.045859229
64.43746724	0.261246518
75.32125854	0
0.280781571	0.003337048
250
7.585782224	0.03431857
13.74609756	0
3.627011473	0.037440334
4.584786805	0.043894776
4479.895197	0.75988004
66.87623041	0.060670589
85.21766455	0.03578297
64.48561443	0.117734352
75.32115173	0
0.280112296	0.002601919
500
7.580004259	0.033707265
13.74609566	0
3.609786315	0.034705136
4.598572471	0.054115834
4480.084695	0.76466248
66.87009915	0.047462259
85.21097634	0.031693738
64.43884832	0.159632038
75.32073212	8.52992E-07
0.280593886	0.002304757
750
7.584956169	0.024971677
13.7460947	4.03001E-07
3.613602702	0.023656299
4.612918631	0.032617601
4479.998861	0.615683484
66.87341868	0.044653759
85.21519419	0.024929192
64.49592234	0.087672674
75.32059479	0
0.280290963	0.001805555
1000
7.583461404	0.021743795
13.7460947	3.52168E-07
3.616097053	0.023274349
4.595995704	0.027199451
4480.051432	0.408952557
66.88242467	0.029337002
85.22091293	0.016220689
64.46046702	0.075991835
75.32052612	1.15017E-06
0.279884415	0.001181688


	